0 0.7611911296844482 0.7073530107736588 0.10623860359191895 0.21873703598976135
0 0.5131680481135845 0.7146943137049675 0.07426490634679794 0.22031770646572113
0 0.9733622912317514 0.7831909731030464 0.053275395184755325 0.13755060732364655
0 0.5946591254323721 0.5210849158465862 0.0392732135951519 0.12259873002767563
0 0.3963626027107239 0.5892937555909157 0.05085945129394531 0.16983015835285187
0 0.13133062422275543 0.4018312804400921 0.04704064130783081 0.07498588413000107
0 0.40917254611849785 0.44131697341799736 0.0509277805685997 0.08368941396474838
0 0.3710377458482981 0.49415961652994156 0.05051927641034126 0.10994686186313629
0 0.5528576616197824 0.4322701394557953 0.040479470044374466 0.08790147304534912
0 0.18862137757241726 0.4056878536939621 0.04318566247820854 0.06748470664024353
0 0.2727056685835123 0.40583357214927673 0.03223257139325142 0.06296980381011963
0 0.3178791459649801 0.3975479006767273 0.042131971567869186 0.07183486223220825
0 0.5830842964351177 0.39665745943784714 0.03186669200658798 0.07138930261135101
0 0.3072703070938587 0.45805277675390244 0.03606126457452774 0.07567380368709564
0 0.6273284433409572 0.40231717750430107 0.02539215050637722 0.06897201389074326
0 0.6040534731000662 0.3878444693982601 0.02733154222369194 0.054954104125499725
0 0.32457880955189466 0.4255564473569393 0.030596470460295677 0.06997697800397873
