0 0.5854869708418846 0.7468173056840897 0.0753345936536789 0.25120964646339417
0 0.8271195776760578 0.7215295657515526 0.10579309612512589 0.21235983073711395
0 0.16423637606203556 0.41795623302459717 0.042021263390779495 0.09427803754806519
0 0.41575765050947666 0.5065579190850258 0.05465536192059517 0.12896491587162018
0 0.22070977091789246 0.4133947603404522 0.036966562271118164 0.06614532321691513
0 0.6089353207498789 0.5296382755041122 0.04267530515789986 0.12561407685279846
0 0.301691472530365 0.4291159100830555 0.042343735694885254 0.09495726972818375
0 0.5566437486559153 0.4409888796508312 0.040253687649965286 0.08009406179189682
0 0.9853268386796117 0.7229031883180141 0.029346371069550514 0.08873354643583298
0 0.43380914255976677 0.439910139888525 0.03623523563146591 0.06734072417020798
0 0.33858196809887886 0.4055880829691887 0.038422323763370514 0.06840841472148895
0 0.357774268835783 0.46321839839220047 0.04006996005773544 0.0776764303445816
0 0.616438364610076 0.4099643900990486 0.025455426424741745 0.06841333210468292
0 0.45660871267318726 0.5922866389155388 0.0620112419128418 0.14550887048244476
0 0.5795605424791574 0.39613131061196327 0.03631405904889107 0.0501633957028389
0 0.5765378717333078 0.4145690444856882 0.02572469785809517 0.05281304195523262
0 0.5696788430213928 0.40008497424423695 0.033016204833984375 0.055785540491342545
0 0.3443836458027363 0.43240857124328613 0.04513213783502579 0.07886254787445068
