0 0.7386966459453106 0.6633889749646187 0.05627121776342392 0.16906322538852692
0 0.7403221372514963 0.5724208615720272 0.056380320340394974 0.10382991284132004
0 0.15558114275336266 0.6425224915146828 0.05318780988454819 0.15299399197101593
0 0.9015062563121319 0.7319480627775192 0.08676042407751083 0.22306331992149353
0 0.21720734238624573 0.5877671167254448 0.05160665512084961 0.20369194447994232
0 0.9577137716114521 0.7369059473276138 0.08457241207361221 0.19562259316444397
0 0.2651950567960739 0.6275868490338326 0.03695273399353027 0.16049017012119293
0 0.39028508588671684 0.45357586070895195 0.03517176955938339 0.08404930680990219
0 0.16488486900925636 0.5759588591754436 0.032980777323246 0.12112715095281601
0 0.28010031022131443 0.5166982635855675 0.03435926511883736 0.10837016999721527
0 0.3098968807607889 0.5247835926711559 0.03553001955151558 0.11729147285223007
0 0.45962755661457777 0.49366120621562004 0.03027329407632351 0.11511679738759995
0 0.9720628503710032 0.6688496172428131 0.055649567395448685 0.13209301233291626
0 0.5362392421811819 0.5134110264480114 0.03655571863055229 0.09671720117330551
0 0.4332450032234192 0.48726293817162514 0.026909351348876953 0.10461408644914627
0 0.48166070505976677 0.48800521716475487 0.03267659991979599 0.11632364243268967
0 0.5609869249165058 0.45924872159957886 0.05007467418909073 0.072998046875
0 0.5238073589280248 0.446488369256258 0.027968311682343483 0.06918457895517349
0 0.5735948197543621 0.47243902273476124 0.03672017902135849 0.04637468233704567
0 0.5188939096406102 0.41161517426371574 0.019850874319672585 0.05223371833562851
0 0.5347975380718708 0.4610912874341011 0.03833184391260147 0.05245865881443024
