0 0.3624984137713909 0.5896726846694946 0.03933420032262802 0.17080628871917725
0 0.673123013228178 0.7152743712067604 0.053952597081661224 0.22520811855793
0 0.6045538075268269 0.7404121458530426 0.062201835215091705 0.27349966764450073
0 0.2784889694303274 0.5266212895512581 0.04749245569109917 0.1451207548379898
0 0.7879007812589407 0.3549230396747589 0.04993290826678276 0.08385562896728516
0 0.40030548721551895 0.8512336164712906 0.06472344696521759 0.2975328266620636
0 0.7260359525680542 0.37262167409062386 0.03135824203491211 0.08848754316568375
0 0.6570619698613882 0.37604159861803055 0.02489776536822319 0.09238262474536896
0 0.29010305367410183 0.3450043424963951 0.027254056185483932 0.07628385722637177
0 0.15420586802065372 0.3858499936759472 0.028788495808839798 0.09710635989904404
0 0.23845619335770607 0.3935246467590332 0.04190848022699356 0.08940410614013672
0 0.2526909951120615 0.3418871592730284 0.020815063267946243 0.05982121452689171
0 0.0834937859326601 0.34063020162284374 0.03523494675755501 0.05899202451109886
0 0.24854624830186367 0.4683612324297428 0.03015608713030815 0.08076740056276321
0 0.6588517185300589 0.46140022575855255 0.02711481973528862 0.09052446484565735
0 0.7899826411157846 0.9481900930404663 0.04139857366681099 0.10157394409179688
0 0.11972041893750429 0.34392430260777473 0.03076728619635105 0.06108567863702774
0 0.1462911870330572 0.34980170987546444 0.017290305346250534 0.034369152039289474
0 0.12620698101818562 0.35481440089643 0.029558826237916946 0.04784361645579338
0 0.24663164652884007 0.3680630698800087 0.03200965002179146 0.06351245939731598
