0 0.4699026942253113 0.7283037528395653 0.06592702865600586 0.24666468799114227
0 0.7141427621245384 0.6834040358662605 0.08883456885814667 0.20529188215732574
0 0.11558167822659016 0.4118487127125263 0.05030103400349617 0.0921051874756813
0 0.37052170000970364 0.5806687548756599 0.057300399988889694 0.15119506418704987
0 0.9656428471207619 0.8923634141683578 0.06871433556079865 0.21326658129692078
0 0.30751605704426765 0.41072365641593933 0.05481419712305069 0.09684431552886963
0 0.3852573521435261 0.42649028822779655 0.04073391109704971 0.07447662204504013
0 0.5864503029733896 0.5179880559444427 0.040148306638002396 0.12496817111968994
0 0.5540582183748484 0.4200870208442211 0.03591446951031685 0.08350952714681625
0 0.9655912630259991 0.7925352081656456 0.06881751865148544 0.17103712260723114
0 0.16926933266222477 0.3901874031871557 0.041067350655794144 0.06069980189204216
0 0.5891218297183514 0.3980984576046467 0.033939264714717865 0.07321158796548843
0 0.25704314187169075 0.399207703769207 0.037349797785282135 0.06696324050426483
0 0.2736670598387718 0.44539226219058037 0.06950099766254425 0.1123756393790245
0 0.35193524323403835 0.4851383939385414 0.03862554952502251 0.07119996845722198
0 0.6240353584289551 0.3907630443572998 0.0376131534576416 0.06669396162033081
0 0.6145979287102818 0.3846416659653187 0.02752699889242649 0.05118141323328018
0 0.6065010670572519 0.3720568157732487 0.02695946767926216 0.05891365557909012
