0 0.3687285725027323 0.619318775832653 0.040070343762636185 0.19269977509975433
0 0.6215303167700768 0.8077869266271591 0.06345777213573456 0.3579539954662323
0 0.695418618619442 0.7649730890989304 0.06919030845165253 0.25837013125419617
0 0.2763622049242258 0.5669422373175621 0.04184846952557564 0.1904710978269577
0 0.4338844958692789 0.8721863627433777 0.0617704875767231 0.25562727451324463
0 0.7045421004295349 0.3689947798848152 0.02865147590637207 0.08933128416538239
0 0.6390450717881322 0.4246942475438118 0.02998676337301731 0.17854423820972443
0 0.27808054722845554 0.3564368784427643 0.027809549123048782 0.08983170986175537
0 0.14690894447267056 0.39962682127952576 0.03469802066683769 0.10973453521728516
0 0.11189231090247631 0.3538922034204006 0.029228221625089645 0.06027369946241379
0 0.07641355134546757 0.35292972065508366 0.03462211415171623 0.05566592887043953
0 0.7655554059892893 0.3510509990155697 0.043222952634096146 0.07686763256788254
0 0.23535731434822083 0.4504629075527191 0.042469024658203125 0.179637610912323
0 0.8411355726420879 0.9559551924467087 0.04266967624425888 0.08775600790977478
0 0.23760393261909485 0.3439734987914562 0.019960641860961914 0.052248381078243256
