0 0.5612011924386024 0.7620487362146378 0.07041974365711212 0.47174885869026184
0 0.32340550422668457 0.7163021415472031 0.07893335819244385 0.30957695841789246
0 0.41742731258273125 0.5213515236973763 0.04968097060918808 0.1616414338350296
0 0.6106193773448467 0.6337238326668739 0.04243769496679306 0.23610170185565948
0 0.8627587910741568 0.3713620938360691 0.03142232820391655 0.0982070043683052
0 0.27831315994262695 0.3659643419086933 0.03211414813995361 0.08975593000650406
0 0.3451437707990408 0.4633713364601135 0.04659874364733696 0.12593048810958862
0 0.7747303731739521 0.3585534207522869 0.03678331524133682 0.08103116601705551
0 0.7832357287406921 0.4562246799468994 0.030742883682250977 0.10384619235992432
0 0.2084457604214549 0.3476893790066242 0.024720346555113792 0.08965805917978287
0 0.9389457106590271 0.3554624319076538 0.03744173049926758 0.09118491411209106
0 0.3715077042579651 0.33609070256352425 0.02372920513153076 0.0590578094124794
0 0.32324856519699097 0.4189576730132103 0.03173327445983887 0.12164412438869476
0 0.9097165111452341 0.3701762668788433 0.0400579459965229 0.0838937982916832
0 0.14703522622585297 0.32172364369034767 0.030529022216796875 0.0653967335820198
0 0.17243839800357819 0.31898160465061665 0.02625441551208496 0.05684492364525795
0 0.3413633406162262 0.33469055965542793 0.0169985294342041 0.0643107071518898
0 0.36168013233691454 0.29763240180909634 0.011313581839203835 0.0244908444583416
