0 0.863666869699955 0.7459585964679718 0.09357710182666779 0.20566779375076294
0 0.14472557418048382 0.646125502884388 0.05365152284502983 0.17419256269931793
0 0.6908316724002361 0.6474490910768509 0.09278812259435654 0.24024823307991028
0 0.20115839876234531 0.519939050078392 0.04446898773312569 0.11481234431266785
0 0.4929185025393963 0.5150974914431572 0.04557528346776962 0.10472111403942108
0 0.29987432435154915 0.46335770189762115 0.05062422901391983 0.08826848864555359
0 0.1617819182574749 0.5174522139132023 0.050425492227077484 0.1090540960431099
0 0.9404080882668495 0.7508857324719429 0.095380499958992 0.20176710188388824
0 0.04536128602921963 0.5618486814200878 0.03407888859510422 0.10147222131490707
0 0.9480271935462952 0.6793049946427345 0.0826411247253418 0.12486131489276886
0 0.08119325712323189 0.5494915507733822 0.038660407066345215 0.10108494013547897
0 0.079020781442523 0.6347853951156139 0.03859109804034233 0.10886069387197495
0 0.5197554584592581 0.46189451590180397 0.037738751620054245 0.08773405104875565
0 0.43273165822029114 0.49243392050266266 0.0444943904876709 0.09906467795372009
0 0.35100249014794827 0.44834408164024353 0.030938100069761276 0.063529372215271
0 0.401678454130888 0.48864978179335594 0.0329909548163414 0.1076207086443901
0 0.37715364061295986 0.48286890611052513 0.026021193712949753 0.056785158812999725
0 0.4853059649467468 0.44218969345092773 0.03371477127075195 0.070567786693573
0 0.9155027158558369 0.6592251099646091 0.05103359371423721 0.08261633664369583
0 0.3763554338365793 0.46026281639933586 0.02708880975842476 0.06337364763021469
0 0.4199878089129925 0.48416023328900337 0.03504600375890732 0.11642930656671524
0 0.4822306577116251 0.4190488141030073 0.028272438794374466 0.058741506189107895
