0 0.3672284074127674 0.5776001587510109 0.04385862499475479 0.17692579329013824
0 0.5820822231471539 0.7218524664640427 0.053086183965206146 0.283557265996933
0 0.645717466250062 0.6904117539525032 0.045445967465639114 0.219298854470253
0 0.3609168045222759 0.8344511389732361 0.07473041862249374 0.32807981967926025
0 0.295157004147768 0.5209452211856842 0.04331348091363907 0.1589043140411377
0 0.7205485701560974 0.92111586779356 0.05893301963806152 0.15759633481502533
0 0.7665562629699707 0.35991278663277626 0.02975773811340332 0.08074576407670975
0 0.6919419523328543 0.4335464760661125 0.027834605425596237 0.11597035825252533
0 0.27776139974594116 0.34727896749973297 0.01955866813659668 0.07400372624397278
0 0.31349784694612026 0.3389814794063568 0.026963423937559128 0.08570224046707153
0 0.1024576872587204 0.3464610315859318 0.04158630967140198 0.0718388631939888
0 0.2643598197028041 0.45287658646702766 0.029868340119719505 0.09677759557962418
0 0.17211188096553087 0.38552019745111465 0.027769172564148903 0.06854750216007233
0 0.6915101883932948 0.37529656291007996 0.025746917352080345 0.068256676197052
0 0.8358391048386693 0.35530331172049046 0.025957489386200905 0.053652573376894
0 0.24717108346521854 0.3926420249044895 0.04168407991528511 0.08970839530229568
0 0.1359991105273366 0.34685253724455833 0.023694420233368874 0.04485373944044113
0 0.8134477976709604 0.35086172819137573 0.026953984051942825 0.05428123474121094
0 0.25659479573369026 0.3873344324529171 0.03397951275110245 0.07121103256940842
0 0.8279452212154865 0.3417598083615303 0.040682412683963776 0.06527824699878693
0 0.6905588153749704 0.35271319560706615 0.02662639692425728 0.0597231350839138
0 0.15838440647348762 0.3475113697350025 0.010136115364730358 0.03230629116296768
