0 0.8447111621499062 0.7736509591341019 0.11938424408435822 0.24624231457710266
0 0.6524039730429649 0.6499482244253159 0.07183603942394257 0.1525650918483734
0 0.08660150319337845 0.505340751260519 0.04925113916397095 0.10190891474485397
0 0.2651390042155981 0.4497103840112686 0.05738181993365288 0.08262524008750916
0 0.4974934346973896 0.5131726488471031 0.045969344675540924 0.0961870402097702
0 0.13919912464916706 0.508889939635992 0.0458868034183979 0.11490868777036667
0 0.9374798908829689 0.7841780707240105 0.11842556297779083 0.23038707673549652
0 0.9577774293720722 0.7107648029923439 0.08444509655237198 0.14908964931964874
0 0.32860968075692654 0.4460618607699871 0.03661448881030083 0.07577141374349594
0 0.6565720550715923 0.5775416567921638 0.0486694797873497 0.11002887785434723
0 0.3647672478109598 0.46867187321186066 0.03359954431653023 0.10404285788536072
0 0.06460748612880707 0.6309129148721695 0.06067714840173721 0.17730703949928284
0 0.023580515757203102 0.5817234292626381 0.047161031514406204 0.1918977051973343
0 0.3995552184060216 0.4851069115102291 0.03035273589193821 0.07537578791379929
0 0.5371045358479023 0.46991002559661865 0.04631529003381729 0.11012017726898193
0 0.5022379280999303 0.4469369575381279 0.025666380301117897 0.07395468652248383
0 0.4639946520328522 0.49502245150506496 0.0237274169921875 0.05870361253619194
0 0.43094833474606276 0.4736447222530842 0.027719831094145775 0.05280778557062149
0 0.42535025998950005 0.44847988337278366 0.03419747203588486 0.06594221293926239
0 0.5217393636703491 0.43499051220715046 0.02269124984741211 0.04298201575875282
