0 0.5773295164108276 0.6852613165974617 0.1018686294555664 0.21482421457767487
0 0.3572413679212332 0.6612280011177063 0.045768093317747116 0.1990973949432373
0 0.8624889366328716 0.8686994165182114 0.12440147250890732 0.26242801547050476
0 0.9106693416833878 0.8645405769348145 0.13491860032081604 0.2699822187423706
0 0.19203313253819942 0.42838938534259796 0.05597485229372978 0.09094288945198059
0 0.22311647608876228 0.3899543024599552 0.03947267681360245 0.06549877673387527
0 0.12571478262543678 0.3867537286132574 0.040901146829128265 0.05709461495280266
0 0.319974672049284 0.4180603362619877 0.040425918996334076 0.06369472295045853
0 0.6067140456289053 0.3855179063975811 0.0322536937892437 0.08073624223470688
0 0.5555628649890423 0.40706584602594376 0.03466906398534775 0.07882232964038849
0 0.07570969685912132 0.3907284028828144 0.04017869383096695 0.08170215040445328
0 0.6480169296264648 0.3707280382514 0.0334467887878418 0.09166823327541351
0 0.7817057855427265 0.9448216557502747 0.057016946375370026 0.11034071445465088
0 0.2883596960455179 0.5398247390985489 0.040998149663209915 0.14125201106071472
0 0.2686734199523926 0.3764987923204899 0.03847908973693848 0.07197166234254837
0 0.5765975713729858 0.4877011254429817 0.036391496658325195 0.12256206572055817
0 0.2881574220955372 0.475274708122015 0.042650796473026276 0.07853906601667404
0 0.28855113312602043 0.4145373608916998 0.03813185542821884 0.0518706850707531
