0 0.5821173302829266 0.6431111320853233 0.06504883617162704 0.1599084585905075
0 0.7635269537568092 0.7645343169569969 0.11459703743457794 0.23866157233715057
0 0.9202222935855389 0.7701279297471046 0.10230007022619247 0.24250276386737823
0 0.9764844663441181 0.7107237726449966 0.04703102260828018 0.13213077187538147
0 0.41738760471343994 0.4574754759669304 0.04916548728942871 0.11057005822658539
0 0.6516772750765085 0.5731045827269554 0.057865191251039505 0.14035169780254364
0 0.041878243908286095 0.49449755251407623 0.05627835541963577 0.11629155278205872
0 0.48962461948394775 0.4896446317434311 0.06486344337463379 0.1382177174091339
0 0.34684398770332336 0.44748713076114655 0.03232729434967041 0.0880872905254364
0 0.5703957788646221 0.45826293528079987 0.05596771091222763 0.12657234072685242
0 0.0120446438795625 0.5028061829507351 0.024065503850579262 0.07372843474149704
0 0.384086424484849 0.46376024186611176 0.029065895825624466 0.07809880375862122
0 0.23219751380383968 0.43649015203118324 0.03619224950671196 0.07562459260225296
0 0.28409671783447266 0.4281113017350435 0.03218650817871094 0.06005117669701576
0 0.36808550357818604 0.4169461168348789 0.014241576194763184 0.03608144074678421
