0 0.36086105182766914 0.5821761637926102 0.039960481226444244 0.1756269633769989
0 0.28420717641711235 0.5358443036675453 0.04286601394414902 0.16273070871829987
0 0.38716309145092964 0.8418567478656769 0.06283412128686905 0.3131640553474426
0 0.5972729437053204 0.7204173505306244 0.05767860263586044 0.2730831503868103
0 0.6647148728370667 0.7288005501031876 0.05451679229736328 0.2655928432941437
0 0.29645060282200575 0.34598537907004356 0.02773437462747097 0.07938247174024582
0 0.7377257822081447 0.3782631680369377 0.030121659860014915 0.09755019843578339
0 0.1576790539547801 0.37717267870903015 0.030980026349425316 0.09360945224761963
0 0.667030131444335 0.3781149312853813 0.026912402361631393 0.09330974519252777
0 0.6679202076047659 0.4523844048380852 0.026523064821958542 0.11924086511135101
0 0.08830835483968258 0.33984718658030033 0.03509915992617607 0.06010277941823006
0 0.764403784647584 0.9442359730601311 0.04243497923016548 0.1109686940908432
0 0.7979588154703379 0.35609592124819756 0.0488312728703022 0.05829497426748276
0 0.25320068281143904 0.44905074685811996 0.028389906510710716 0.14967261254787445
0 0.23729132488369942 0.3905780389904976 0.035323597490787506 0.08835907280445099
0 0.25912897009402514 0.35114989802241325 0.019492054358124733 0.0677620992064476
0 0.12262475769966841 0.34154897183179855 0.02888641320168972 0.06855206191539764
0 0.14031306840479374 0.3520668987184763 0.024795521050691605 0.04814605787396431
0 0.2576101692393422 0.3218787983059883 0.016023898497223854 0.02807767689228058
