0 0.4660688042640686 0.6604647040367126 0.06042122840881348 0.2044055461883545
0 0.3000546284019947 0.6261869966983795 0.04274735599756241 0.2014283537864685
0 0.1520591527223587 0.4185834415256977 0.04395061731338501 0.10612670332193375
0 0.7456693165004253 0.850181981921196 0.106667660176754 0.29869207739830017
0 0.8148742914199829 0.8565638512372971 0.09482932090759277 0.28516075015068054
0 0.691916823387146 0.36821170896291733 0.03647804260253906 0.09612570703029633
0 0.6268121600151062 0.9183487519621849 0.07288670539855957 0.16313748061656952
0 0.6397507302463055 0.37579626590013504 0.03656496852636337 0.07837159931659698
0 0.24989514984190464 0.5035886391997337 0.03460674360394478 0.1428840607404709
0 0.5832252623513341 0.46685969829559326 0.029901647940278053 0.1073678731918335
0 0.10658454522490501 0.36847956106066704 0.0359240397810936 0.05902864784002304
0 0.06478320993483067 0.3773149847984314 0.036887276917696 0.08602428436279297
0 0.5762294176965952 0.3986522704362869 0.0274992473423481 0.09364202618598938
0 0.24902657605707645 0.4463137947022915 0.044458795338869095 0.10193561762571335
0 0.213337448425591 0.38319652527570724 0.02781214751303196 0.0693042129278183
0 0.2585929036140442 0.36607878282666206 0.0358501672744751 0.07556620985269547
0 0.276037584990263 0.4151417352259159 0.0355999693274498 0.06153661757707596
