0 0.36619700118899345 0.8379445970058441 0.0758080706000328 0.32411080598831177
0 0.36604444310069084 0.5800716876983643 0.04511239379644394 0.17731034755706787
0 0.5843783728778362 0.7376521527767181 0.053728245198726654 0.3099363446235657
0 0.6885691527277231 0.40942326188087463 0.02933983877301216 0.17267459630966187
0 0.6548032872378826 0.7051970958709717 0.05864968150854111 0.23590660095214844
0 0.7611992601305246 0.3690290339291096 0.030952025204896927 0.0976044312119484
0 0.2927119079977274 0.5369177386164665 0.04495887830853462 0.19009052217006683
0 0.17098846100270748 0.3862858768552542 0.027786146849393845 0.05690528079867363
0 0.7289105411618948 0.922897569835186 0.06154937669634819 0.1530970185995102
0 0.31118906755000353 0.339230015873909 0.02778162993490696 0.08490446209907532
0 0.2757382867857814 0.34606343135237694 0.019475674256682396 0.07374941557645798
0 0.1290335413068533 0.34696610644459724 0.032671164721250534 0.07675675302743912
0 0.0992235578596592 0.34441765770316124 0.03476522117853165 0.06277268379926682
0 0.8201827649027109 0.3657686151564121 0.04530744627118111 0.07819218188524246
0 0.25181107223033905 0.43098895996809006 0.05193829536437988 0.15858082473278046
0 0.8089562896639109 0.3298581261187792 0.025557804852724075 0.04462504759430885
0 0.15804719924926758 0.3482414782047272 0.01576298475265503 0.03699558973312378
