0 0.5682659260928631 0.6782331764698029 0.05206312984228134 0.2548620104789734
0 0.3821946196258068 0.5425513461232185 0.04832496494054794 0.15528835356235504
0 0.7997648473829031 0.3699193708598614 0.031148862093687057 0.09339364618062973
0 0.6576557643711567 0.892052061855793 0.058872319757938385 0.2154402881860733
0 0.31170764565467834 0.49952126294374466 0.04700577259063721 0.15017463266849518
0 0.6274869795888662 0.6962087899446487 0.03626580163836479 0.2864373028278351
0 0.28474331460893154 0.44724298268556595 0.027251314371824265 0.09041942656040192
0 0.33476145286113024 0.3339931182563305 0.02450563944876194 0.08078517764806747
0 0.25528494641184807 0.3734397888183594 0.03376009315252304 0.09059369564056396
0 0.1167959664016962 0.3324858956038952 0.03396027162671089 0.0640164241194725
0 0.33718714863061905 0.7922817021608353 0.07982547581195831 0.3911379873752594
0 0.7247116090729833 0.4111439883708954 0.0298632625490427 0.17472290992736816
0 0.3018731474876404 0.3281504139304161 0.018682241439819336 0.06589989364147186
0 0.18390684388577938 0.369585607200861 0.025274943560361862 0.07366854697465897
0 0.8732473254203796 0.3596106208860874 0.03053569793701172 0.062244243919849396
0 0.14529044646769762 0.3298190049827099 0.027829909697175026 0.06363328546285629
0 0.8507930878549814 0.37295785173773766 0.03317241743206978 0.07205890864133835
0 0.8494325876235962 0.33103299513459206 0.028791427612304688 0.04495633393526077
0 0.1715642511844635 0.3294357396662235 0.013156592845916748 0.03480762988328934
0 0.8483204124495387 0.35327691212296486 0.02744445763528347 0.055812664330005646
0 0.7144655585289001 0.3401400912553072 0.011434793472290039 0.03230849280953407
