0 0.47941242903470993 0.6698994413018227 0.06780819594860077 0.21311433613300323
0 0.30576994456350803 0.6264499649405479 0.04292314127087593 0.19522039592266083
0 0.8254051320254803 0.8621155470609665 0.1036781296133995 0.27575454115867615
0 0.15708681382238865 0.4247317314147949 0.04530083015561104 0.102466881275177
0 0.7600813135504723 0.851858839392662 0.11430339515209198 0.2954578101634979
0 0.6409749761223793 0.9216673970222473 0.06575603783130646 0.15665757656097412
0 0.6867045518010855 0.3675543889403343 0.034452151507139206 0.08913712203502655
0 0.581399654969573 0.46928487718105316 0.031149815768003464 0.1142185628414154
0 0.5725323436781764 0.3857145309448242 0.03030095063149929 0.0663461685180664
0 0.2568361610174179 0.5151756182312965 0.03988659381866455 0.14467032253742218
0 0.21343628782778978 0.3857084661722183 0.028615975752472878 0.06535294651985168
0 0.6386500354856253 0.391177948564291 0.029294680804014206 0.05591379851102829
0 0.10818277671933174 0.37041747756302357 0.03320919722318649 0.05490851774811745
0 0.06536531634628773 0.378361314535141 0.04001319035887718 0.08610725402832031
0 0.27902635373175144 0.42336490750312805 0.04638080671429634 0.08395928144454956
0 0.25101255252957344 0.4450910687446594 0.050064779818058014 0.08865547180175781
0 0.2631590664386749 0.37184341810643673 0.026024460792541504 0.03458438441157341
0 0.6341646425426006 0.36661223508417606 0.03128518909215927 0.06010975316166878
0 0.24748935410752892 0.34626971557736397 0.014546108432114124 0.03476772457361221
