0 0.041017597541213036 0.5544044859707355 0.03279037028551102 0.12230292707681656
0 0.8768914714455605 0.7076971009373665 0.06770677864551544 0.19426633417606354
0 0.7342971563339233 0.6578917279839516 0.05430746078491211 0.18214018642902374
0 0.7584127895534039 0.5976347476243973 0.05900707095861435 0.13564911484718323
0 0.23029848374426365 0.6280538812279701 0.06196175888180733 0.19750268757343292
0 0.9491968862712383 0.733211062848568 0.09481992572546005 0.20736388862133026
0 0.3057927433401346 0.6368099711835384 0.03675572946667671 0.09484630078077316
0 0.5835386514663696 0.4749559238553047 0.035980224609375 0.08649910986423492
0 0.4211095757782459 0.44919150322675705 0.04278001934289932 0.07044486701488495
0 0.3271818282082677 0.5340221598744392 0.025635147467255592 0.12569262087345123
0 0.9577773921191692 0.6657969653606415 0.07981529086828232 0.14419525861740112
0 0.26001993380486965 0.6264129839837551 0.03486759588122368 0.11179017275571823
0 0.5425104377791286 0.5279711596667767 0.028398608788847923 0.08417447656393051
0 0.5063404925167561 0.48437874019145966 0.0333925262093544 0.08647558093070984
0 0.24323957599699497 0.5312658958137035 0.03156714513897896 0.08360417932271957
0 0.4802470803260803 0.5032117068767548 0.034760236740112305 0.08119392395019531
0 0.30464550852775574 0.5433481112122536 0.03618907928466797 0.09306932985782623
0 0.4523512776941061 0.4937446117401123 0.0234648697078228 0.10533583164215088
0 0.45880273543298244 0.4631337970495224 0.0320560447871685 0.04665103554725647
0 0.543647849932313 0.4610411673784256 0.04071765020489693 0.07679638266563416
0 0.30660922545939684 0.5171642135828733 0.028311992064118385 0.06207635626196861
0 0.9287559036165476 0.6363590285181999 0.05328397825360298 0.08585463464260101
0 0.45131195802241564 0.45211752504110336 0.025834226980805397 0.07224468886852264
0 0.7147976402193308 0.5917185936123133 0.021609831601381302 0.05246670916676521
