0 0.33267780020833015 0.7911478281021118 0.08096227794885635 0.3382490873336792
0 0.3896545525640249 0.5508786141872406 0.051381539553403854 0.1717868447303772
0 0.5641561038792133 0.6864953339099884 0.051523782312870026 0.27042800188064575
0 0.7351562138646841 0.41050177812576294 0.034339141100645065 0.18452954292297363
0 0.6210152618587017 0.668792836368084 0.04208817332983017 0.2352452129125595
0 0.31464553996920586 0.4972881078720093 0.0586031898856163 0.1545886993408203
0 0.8141340017318726 0.36550332233309746 0.03196263313293457 0.09469261020421982
0 0.8835464715957642 0.34617532789707184 0.0368494987487793 0.08705124258995056
0 0.12209151312708855 0.33204948529601097 0.0357409343123436 0.06774061173200607
0 0.25887958984822035 0.37611333280801773 0.030912255868315697 0.0861625224351883
0 0.34157714806497097 0.32947421818971634 0.024840664118528366 0.08097381889820099
0 0.190389359369874 0.37051213532686234 0.025015581399202347 0.06677456200122833
0 0.861846661195159 0.3645087853074074 0.03285093232989311 0.07958658039569855
0 0.29178252816200256 0.43037017062306404 0.02760326862335205 0.11322657018899918
0 0.31078668870031834 0.3308008201420307 0.020708490163087845 0.07338229566812515
0 0.15488813817501068 0.33790924213826656 0.021930992603302002 0.04105983301997185
0 0.6378953941166401 0.8806121870875359 0.05658421665430069 0.2377527803182602
0 0.148179167881608 0.3266017585992813 0.026441503316164017 0.06022182106971741
0 0.17950800666585565 0.32978949416428804 0.009915602393448353 0.03088648058474064
