0 0.648557998239994 0.6724921762943268 0.08733101189136505 0.1892271637916565
0 0.8318690545856953 0.7622475624084473 0.10777697712182999 0.2367236614227295
0 0.03952957094043086 0.6232583150267601 0.07900285720825195 0.20701615512371063
0 0.9391255751252174 0.7547234296798706 0.10478372871875763 0.19303643703460693
0 0.9660299532115459 0.7031184360384941 0.0679401382803917 0.1466202586889267
0 0.6578262690454721 0.5638541765511036 0.050228167325258255 0.10358873754739761
0 0.13209785521030426 0.510683286935091 0.05428582429885864 0.11337725073099136
0 0.07296786457300186 0.4904267080128193 0.049745045602321625 0.0943787470459938
0 0.26198987290263176 0.4467565789818764 0.04839351028203964 0.09233398735523224
0 0.40102456882596016 0.4738817922770977 0.04390261322259903 0.1068653091788292
0 0.32425031065940857 0.44611379876732826 0.041539669036865234 0.08568836003541946
0 0.43514807149767876 0.4725411385297775 0.04593481868505478 0.10970255732536316
0 0.36718704737722874 0.4601612165570259 0.035508085042238235 0.08837403357028961
0 0.5039159003645182 0.5129699409008026 0.047452498227357864 0.09044808149337769
0 0.5500947721302509 0.4515683352947235 0.03965912014245987 0.083518385887146
0 0.4782862067222595 0.4823813382536173 0.029624462127685547 0.05558281019330025
0 0.5199275137856603 0.4519097935408354 0.021294498816132545 0.0527777336537838
0 0.5452388525009155 0.4323824904859066 0.038236141204833984 0.05274348706007004
0 0.28262441139668226 0.4454008238390088 0.01321861706674099 0.019539812579751015
0 0.5115493535995483 0.4142720540985465 0.012646675109863281 0.03060099296271801
0 0.30956276040524244 0.4175951648503542 0.011182760819792747 0.02855512872338295
