0 0.6334294900298119 0.7593231499195099 0.09072212874889374 0.2511745095252991
0 0.4947090446949005 0.631702184677124 0.06870102882385254 0.18239283561706543
0 0.8558268658816814 0.7058243602514267 0.09106483310461044 0.1788826882839203
0 0.6160921212285757 0.5406611189246178 0.043875645846128464 0.12578849494457245
0 0.43725670501589775 0.4917307049036026 0.054221294820308685 0.09794566035270691
0 0.18476934172213078 0.4140721224248409 0.0414302833378315 0.07306908816099167
0 0.3741152174770832 0.4643956646323204 0.051786042749881744 0.07327686250209808
0 0.313363004475832 0.43899115175008774 0.03518674522638321 0.10184775292873383
0 0.443500816822052 0.44115521758794785 0.03412485122680664 0.0703773945569992
0 0.9890993237495422 0.6951900869607925 0.021800994873046875 0.06597188115119934
0 0.5639713164418936 0.4612777829170227 0.033100079745054245 0.06917953491210938
0 0.3492592331022024 0.42338743805885315 0.032424043864011765 0.06314307451248169
0 0.6095200777053833 0.4181913658976555 0.019021272659301758 0.04428206384181976
0 0.24031158722937107 0.41824743151664734 0.03530542925000191 0.07916098833084106
0 0.5628458615392447 0.43273893743753433 0.042961787432432175 0.06785358488559723
0 0.5720709674060345 0.40446313470602036 0.03721442073583603 0.05512021481990814
0 0.5775181893259287 0.3840883169323206 0.028107214719057083 0.05354686453938484
0 0.5779921412467957 0.43036819994449615 0.03847241401672363 0.0677008330821991
0 0.5600868109613657 0.40627489797770977 0.03597693517804146 0.05886277183890343
