0 0.31853386759757996 0.6603125482797623 0.04360651969909668 0.21611455082893372
0 0.5026143677532673 0.6677967682480812 0.07541952282190323 0.21706755459308624
0 0.680661927908659 0.9205566719174385 0.06325449794530869 0.15850533545017242
0 0.5674463026225567 0.39726031571626663 0.03185214847326279 0.07624079287052155
0 0.790601909160614 0.8514009863138199 0.11826515197753906 0.29445818066596985
0 0.16641515865921974 0.43502216041088104 0.051338233053684235 0.11651971936225891
0 0.8536434173583984 0.8578873872756958 0.12098336219787598 0.284151554107666
0 0.26475873962044716 0.5364724099636078 0.046935297548770905 0.16170239448547363
0 0.5790247209370136 0.4856242649257183 0.038205720484256744 0.12442406266927719
0 0.628281963057816 0.38519445434212685 0.02960815466940403 0.08254290372133255
0 0.6755893472582102 0.36550772935152054 0.03197317197918892 0.08275790512561798
0 0.06846644543111324 0.37490922026336193 0.03995797410607338 0.06017422303557396
0 0.11235354468226433 0.378406573086977 0.038421906530857086 0.07293979078531265
0 0.25816051103174686 0.42349882051348686 0.03882496431469917 0.0694589838385582
0 0.2923001889139414 0.42566264048218727 0.042299557477235794 0.0899735763669014
0 0.21394607983529568 0.3794423136860132 0.029205989092588425 0.048511166125535965
0 0.26734950579702854 0.38185141421854496 0.03127865865826607 0.05002017691731453
0 0.26443712413311005 0.45115838944911957 0.03994011878967285 0.06379267573356628
