0 0.16183235682547092 0.644125185906887 0.05185471847653389 0.17653338611125946
0 0.7019805423915386 0.6578184217214584 0.09884610027074814 0.2589755952358246
0 0.060638003051280975 0.5835564956068993 0.036027491092681885 0.14561335742473602
0 0.8723871931433678 0.7300762385129929 0.09088258445262909 0.18402811884880066
0 0.21773424185812473 0.524309691041708 0.03728698566555977 0.10542505234479904
0 0.09842199087142944 0.5753467082977295 0.04514250159263611 0.16227561235427856
0 0.1762773096561432 0.5086961053311825 0.04369884729385376 0.09336107224225998
0 0.5005616657435894 0.5269945003092289 0.0487612709403038 0.10442013293504715
0 0.3093278408050537 0.4509821906685829 0.040686726570129395 0.07706035673618317
0 0.9536934494972229 0.6753516271710396 0.0879063606262207 0.10992588102817535
0 0.5243512149900198 0.455555971711874 0.037030886858701706 0.06867878884077072
0 0.9451394081115723 0.7419889122247696 0.0934610366821289 0.17240002751350403
0 0.43599219992756844 0.4967680312693119 0.03894767910242081 0.09129095822572708
0 0.35819120425730944 0.44927951879799366 0.028596067801117897 0.05381113663315773
0 0.41055819392204285 0.4901355840265751 0.03938567638397217 0.11823535710573196
0 0.3866168977692723 0.4835590925067663 0.02437450923025608 0.05130259320139885
0 0.48826079443097115 0.45619212836027145 0.03270778805017471 0.10195808112621307
0 0.37689326982945204 0.45199767872691154 0.014545535668730736 0.036292098462581635
