0 0.4036663230508566 0.7110335379838943 0.05329747125506401 0.23203971982002258
0 0.6397392973303795 0.6704983189702034 0.08450917899608612 0.19074012339115143
0 0.9275458231568336 0.8866346776485443 0.1367637664079666 0.2262442708015442
0 0.22575056552886963 0.4300316460430622 0.06038188934326172 0.10280130058526993
0 0.5762181524187326 0.49523457512259483 0.03740506246685982 0.11907505244016647
0 0.3446883372962475 0.41557352989912033 0.039887093007564545 0.06861339509487152
0 0.14034586772322655 0.3838917016983032 0.04528280347585678 0.057152748107910156
0 0.0932810790836811 0.38998085632920265 0.04664292186498642 0.07077164202928543
0 0.5949687715619802 0.390080276876688 0.039339493960142136 0.07224161177873611
0 0.31027207896113396 0.47258491069078445 0.04628732055425644 0.1188029795885086
0 0.5538893230259418 0.4104653634130955 0.03728804737329483 0.07477391511201859
0 0.6319546699523926 0.38730765134096146 0.03580951690673828 0.06976057589054108
0 0.28304070234298706 0.3873591609299183 0.04049515724182129 0.07952777296304703
0 0.3236290402710438 0.570752888917923 0.04507956653833389 0.14349365234375
0 0.23728270456194878 0.39121214859187603 0.03873863071203232 0.06165292486548424
0 0.6236808774992824 0.3641754761338234 0.028622960671782494 0.05945385992527008
0 0.3513088170439005 0.4279561061412096 0.0367688424885273 0.05276620760560036
