0 0.05096098966896534 0.6720218434929848 0.05389384180307388 0.18155021965503693
0 0.20996796153485775 0.6398036628961563 0.042438577860593796 0.17666473984718323
0 0.1028819652274251 0.5898052304983139 0.030654961243271828 0.1449783742427826
0 0.8966225497424603 0.7492802664637566 0.09829749912023544 0.2403237670660019
0 0.7075047250837088 0.5833205617964268 0.05782670900225639 0.12193823605775833
0 0.2259954120963812 0.5183817595243454 0.046002697199583054 0.11202260851860046
0 0.34750314988195896 0.45814577490091324 0.0394773967564106 0.08085055649280548
0 0.2655814699828625 0.5288509875535965 0.03750922530889511 0.12584957480430603
0 0.1467612273991108 0.5404317900538445 0.03369120508432388 0.09415982663631439
0 0.954024862498045 0.7538175731897354 0.09195031970739365 0.2177371084690094
0 0.7273571603000164 0.680838406085968 0.0670413002371788 0.17395973205566406
0 0.5407515522092581 0.46311815828084946 0.041661690920591354 0.08545820415019989
0 0.14917555451393127 0.6116156503558159 0.04009664058685303 0.15505264699459076
0 0.39294547960162163 0.460811085999012 0.04218079894781113 0.08256526291370392
0 0.4368785675615072 0.4962306544184685 0.041983556002378464 0.09907828271389008
0 0.9658780917525291 0.6783301718533039 0.06630592048168182 0.11027488857507706
0 0.5159299429506063 0.5064441524446011 0.04077882692217827 0.07970165461301804
0 0.5012221932411194 0.45302822068333626 0.03152346611022949 0.07316169887781143
0 0.40582884568721056 0.4808453321456909 0.028544330969452858 0.077811598777771
0 0.4532823860645294 0.48646391928195953 0.034497976303100586 0.07503077387809753
