0 0.7962345257401466 0.7945172786712646 0.11114020645618439 0.2786298990249634
0 0.6100533604621887 0.6572627276182175 0.06835269927978516 0.17356881499290466
0 0.9219435453414917 0.7538355812430382 0.0941157341003418 0.21098582446575165
0 0.5010931380093098 0.5031565055251122 0.0718899741768837 0.16317854821681976
0 0.08848689496517181 0.5069996975362301 0.06112411618232727 0.12237637490034103
0 0.6525375731289387 0.5672202035784721 0.047556497156620026 0.13023601472377777
0 0.35818875953555107 0.461354099214077 0.03798951953649521 0.09246359765529633
0 0.02827982185408473 0.4879569485783577 0.046733856201171875 0.09536416828632355
0 0.9714911580085754 0.7067683637142181 0.056876182556152344 0.139240562915802
0 0.24814429879188538 0.4388390742242336 0.04467964172363281 0.08154665678739548
0 0.3893440254032612 0.4506308138370514 0.0414256826043129 0.08997315168380737
0 0.3011760227382183 0.4331035055220127 0.03986360877752304 0.06262630969285965
0 0.5652535911649466 0.4701065104454756 0.03110809251666069 0.05195295438170433
0 0.428189504891634 0.45612749457359314 0.04645595699548721 0.10037010908126831
0 0.5422646645456553 0.4385873731225729 0.025475550442934036 0.05515403673052788
0 0.008296899497509003 0.6493308059871197 0.016593798995018005 0.1006937250494957
0 0.5625757332891226 0.42350642941892147 0.03395194932818413 0.05881534144282341
0 0.550327718257904 0.4186275154352188 0.038023948669433594 0.07882097363471985
