0 0.040749987587332726 0.6823133155703545 0.05520454794168472 0.19335471093654633
0 0.7157400846481323 0.6318010091781616 0.0853579044342041 0.22559809684753418
0 0.09831309132277966 0.592289999127388 0.03193674609065056 0.1473769247531891
0 0.8980239145457745 0.7561999633908272 0.10908593982458115 0.2388225942850113
0 0.20544030144810677 0.6364683955907822 0.044873155653476715 0.16211649775505066
0 0.2608637362718582 0.5312235280871391 0.04038858413696289 0.13049982488155365
0 0.21883541904389858 0.5140844024717808 0.04367704316973686 0.10091162472963333
0 0.9522656574845314 0.7524318918585777 0.09546871483325958 0.215679332613945
0 0.34212433733046055 0.4543326161801815 0.03692929819226265 0.07763689011335373
0 0.5153284315019846 0.5041378661990166 0.039320994168519974 0.07685635983943939
0 0.5402963645756245 0.4717312715947628 0.04163346439599991 0.09639596194028854
0 0.14509154669940472 0.5974879264831543 0.04317767545580864 0.20858383178710938
0 0.38232554215937853 0.44891200214624405 0.028895044699311256 0.056630030274391174
0 0.960362683981657 0.6815167255699635 0.0781191810965538 0.11672655493021011
0 0.42938873171806335 0.49997324869036674 0.03339362144470215 0.0886545404791832
0 0.49981698393821716 0.4521600678563118 0.031093120574951172 0.06701774895191193
0 0.3998081684112549 0.4812639467418194 0.03202927112579346 0.07853766530752182
0 0.13189113419502974 0.5183583926409483 0.01594153605401516 0.05230339989066124
0 0.45076459646224976 0.5012317895889282 0.03911471366882324 0.08168601989746094
0 0.5082841701805592 0.4394421614706516 0.04046235233545303 0.0634455755352974
