0 0.532171942293644 0.6576108932495117 0.07765145599842072 0.19306683540344238
0 0.33655065298080444 0.6758789569139481 0.045302748680114746 0.22482088208198547
0 0.2746159490197897 0.5372498407959938 0.04350240156054497 0.1568196564912796
0 0.7340484037995338 0.9308709651231766 0.06644316017627716 0.13825717568397522
0 0.821610976010561 0.8628397136926651 0.11821375042200089 0.27423205971717834
0 0.8845861181616783 0.8460052311420441 0.1260555237531662 0.2555634379386902
0 0.17684591189026833 0.42156678438186646 0.05145028978586197 0.10159242153167725
0 0.5767394788563251 0.48403431475162506 0.04029665142297745 0.11741176247596741
0 0.6627730838954449 0.36545827239751816 0.03159012645483017 0.07228289544582367
0 0.561174476519227 0.398445013910532 0.033460427075624466 0.07772810012102127
0 0.21639429032802582 0.38402384519577026 0.03450840711593628 0.06222313642501831
0 0.11528756283223629 0.3751823175698519 0.03474200889468193 0.06059733405709267
0 0.0722973607480526 0.3885343708097935 0.040763966739177704 0.08789802342653275
0 0.26878365501761436 0.3759310655295849 0.049359820783138275 0.07015933841466904
0 0.6181883104145527 0.3826325312256813 0.03194723278284073 0.0682608038187027
0 0.27071396075189114 0.43435652926564217 0.04005308076739311 0.07702318578958511
0 0.30282585695385933 0.41488244757056236 0.034418560564517975 0.052059344947338104
