0 0.7160878777503967 0.7762823551893234 0.1001138687133789 0.2688828408718109
0 0.5545475371181965 0.6448130384087563 0.07711968570947647 0.17810244858264923
0 0.8996950164437294 0.7208950445055962 0.0884515792131424 0.18360565602779388
0 0.9823129177093506 0.701271302998066 0.03537416458129883 0.11652339994907379
0 0.21696525439620018 0.42409399151802063 0.037212155759334564 0.08051812648773193
0 0.6365714427083731 0.5356824025511742 0.049230050295591354 0.10128627717494965
0 0.40576404333114624 0.44694577902555466 0.04887080192565918 0.10033552348613739
0 0.023575538751174463 0.5128671079874039 0.04714871942996979 0.09320661425590515
0 0.2720327861607075 0.4303037039935589 0.035604096949100494 0.08476706594228745
0 0.47487057372927666 0.4868151694536209 0.05360212177038193 0.1564514935016632
0 0.3690522313117981 0.4398443289101124 0.03617095947265625 0.09139315038919449
0 0.33647923544049263 0.4429067596793175 0.034601904451847076 0.09356032311916351
0 0.5666456818580627 0.4548359215259552 0.03948163986206055 0.08951789140701294
0 0.5805968288332224 0.4084859900176525 0.0275297649204731 0.05014296621084213
0 0.5955398557707667 0.4315536953508854 0.019322728738188744 0.05281812697649002
