0 0.7766765244305134 0.7437182739377022 0.11327634006738663 0.19488872587680817
0 0.5971658006310463 0.6619705706834793 0.07745237648487091 0.1835731565952301
0 0.6503253690898418 0.570444330573082 0.051031969487667084 0.14201906323432922
0 0.9181842096149921 0.7590345963835716 0.08820638805627823 0.22756831347942352
0 0.38620814122259617 0.4557971991598606 0.047696519643068314 0.09957868605852127
0 0.05798308923840523 0.49205582216382027 0.05047515779733658 0.09725884348154068
0 0.9753759615123272 0.6983171626925468 0.04924812167882919 0.12583063542842865
0 0.23930302634835243 0.44589538499712944 0.03902599960565567 0.09243520349264145
0 0.4222599919885397 0.4563017711043358 0.04760630056262016 0.09386710822582245
0 0.4907825943082571 0.48895080387592316 0.05794496461749077 0.13351240754127502
0 0.014193850191077217 0.5031225085258484 0.028370821848511696 0.08016836643218994
0 0.35132284089922905 0.44476061314344406 0.03132297843694687 0.08211873471736908
0 0.29317412339150906 0.4328288286924362 0.03717214986681938 0.07145830988883972
0 0.5644171237945557 0.45938968285918236 0.04600071907043457 0.07963710278272629
0 0.579836773686111 0.4346257299184799 0.02226242981851101 0.03720554709434509
0 0.5662798406556249 0.414571899920702 0.022998476400971413 0.04304436594247818
