0 0.39373350143432617 0.6248136311769485 0.043579697608947754 0.18685582280158997
0 0.6571973562240601 0.8171273469924927 0.07332444190979004 0.33347904682159424
0 0.7294991128146648 0.7921345084905624 0.07675018161535263 0.2510795295238495
0 0.2739959545433521 0.5760445147752762 0.043489910662174225 0.1750694215297699
0 0.13920926488935947 0.42027512937784195 0.027306903153657913 0.08750148117542267
0 0.7291670683771372 0.35682255402207375 0.03922085836529732 0.0839129164814949
0 0.10825638845562935 0.36966174468398094 0.04532570391893387 0.07874732464551926
0 0.6697515733540058 0.37528280541300774 0.035463668406009674 0.08641692250967026
0 0.6044856663793325 0.3838036097586155 0.023069094866514206 0.09308195859193802
0 0.5029926523566246 0.8809958174824715 0.06946568191051483 0.23573972284793854
0 0.060812873765826225 0.3675467446446419 0.03916816785931587 0.08718229830265045
0 0.6165828816592693 0.4692181386053562 0.03798379749059677 0.08684874325990677
0 0.23201045393943787 0.4704981967806816 0.033922791481018066 0.13851724565029144
0 0.26206628046929836 0.356550969183445 0.035630058497190475 0.07919497787952423
0 0.22307486273348331 0.364914420992136 0.029746342450380325 0.07063747197389603
0 0.2260968741029501 0.41734984517097473 0.029173564165830612 0.054103851318359375
0 0.2471161186695099 0.4008138496428728 0.03327667713165283 0.048228029161691666
0 0.26521261408925056 0.3754908237606287 0.031903840601444244 0.058315593749284744
