0 0.37666561640799046 0.6216164529323578 0.039678383618593216 0.1921505331993103
0 0.275808971375227 0.5854752734303474 0.04229547828435898 0.19842876493930817
0 0.6343754753470421 0.7626632302999496 0.0627463310956955 0.2774604260921478
0 0.7100919485092163 0.8010429292917252 0.07308506965637207 0.2957712709903717
0 0.6893906118348241 0.3773321770131588 0.02881922759115696 0.08929239958524704
0 0.14313983544707298 0.394649438560009 0.032877348363399506 0.09887705743312836
0 0.6276385188102722 0.4340830445289612 0.03302454948425293 0.19078421592712402
0 0.07023167237639427 0.35888177156448364 0.037493616342544556 0.06655663251876831
0 0.10761001706123352 0.35763559117913246 0.03078383207321167 0.06736446171998978
0 0.7494680285453796 0.3591189980506897 0.04269099235534668 0.08441132307052612
0 0.23323224484920502 0.4659718945622444 0.04254186153411865 0.17093904316425323
0 0.2742967363446951 0.36993708461523056 0.027042459696531296 0.07009540498256683
0 0.26129055628553033 0.33172588143497705 0.011286688037216663 0.030018361285328865
0 0.231266176328063 0.3483072090893984 0.02313859388232231 0.04649821296334267
0 0.2260014833882451 0.37871296517550945 0.027888799086213112 0.043973710387945175
0 0.24737375415861607 0.40339753963053226 0.023426104336977005 0.04292263463139534
0 0.22954013012349606 0.3659280128777027 0.026141833513975143 0.05364159494638443
0 0.871745765209198 0.9749916661530733 0.039920806884765625 0.0500166155397892
