0 0.37913935258984566 0.6185964494943619 0.04055009037256241 0.1914708912372589
0 0.2758857663720846 0.5834673419594765 0.041826676577329636 0.19301249086856842
0 0.7100579962134361 0.7936263531446457 0.06968383491039276 0.2843720614910126
0 0.6382547616958618 0.7589235603809357 0.06515789031982422 0.2573234438896179
0 0.4652126729488373 0.8699870407581329 0.06357574462890625 0.2596527934074402
0 0.6864848379045725 0.38091054931282997 0.031086254864931107 0.0932624414563179
0 0.14110386185348034 0.39321115985512733 0.03478546068072319 0.09550423175096512
0 0.6201525330543518 0.3871411345899105 0.02495265007019043 0.09335409849882126
0 0.2700935900211334 0.35950368270277977 0.03152048587799072 0.08506249636411667
0 0.2329008635133505 0.46724123507738113 0.041400980204343796 0.171580508351326
0 0.7472081184387207 0.3572923094034195 0.03918910026550293 0.07951977849006653
0 0.0695395115762949 0.3553462587296963 0.039318155497312546 0.06623672693967819
0 0.1046136049553752 0.35842689499258995 0.02929479442536831 0.06836693733930588
0 0.625831020064652 0.4548564739525318 0.027465010061860085 0.10402361303567886
0 0.2288947580382228 0.35052824206650257 0.021430348977446556 0.05744970217347145
0 0.2259522620588541 0.3716396186500788 0.028019119054079056 0.051150936633348465
0 0.22211299557238817 0.38401619531214237 0.030474210157990456 0.05049832537770271
0 0.24605533480644226 0.4048900939524174 0.026543140411376953 0.04766828566789627
0 0.12443572282791138 0.3635349180549383 0.02479875087738037 0.03933398053050041
