0 0.7323450334370136 0.652422696352005 0.05346403270959854 0.16741329431533813
0 0.8761085756123066 0.7089271768927574 0.07259712368249893 0.19788937270641327
0 0.7603953592479229 0.5928698554635048 0.05710878223180771 0.1287796050310135
0 0.04942549020051956 0.5524738915264606 0.03399822115898132 0.12044207006692886
0 0.5851701144129038 0.4748026542365551 0.03433399274945259 0.09387978166341782
0 0.9454300627112389 0.7355356216430664 0.08704976737499237 0.20605969429016113
0 0.9540359266102314 0.6704335808753967 0.08724222332239151 0.1585623025894165
0 0.24056683480739594 0.6255462095141411 0.0693596601486206 0.187805637717247
0 0.333090478554368 0.5321214981377125 0.021047521382570267 0.12155143171548843
0 0.5437821866944432 0.5260206870734692 0.027974272146821022 0.07331153005361557
0 0.3133956305682659 0.6217029541730881 0.0375608429312706 0.14968690276145935
0 0.42544614151120186 0.45506444573402405 0.04048643261194229 0.077689528465271
0 0.4814626332372427 0.5082911215722561 0.028220128268003464 0.0844690129160881
0 0.2582766506820917 0.5906077995896339 0.05529289320111275 0.20176519453525543
0 0.46566770039498806 0.5073339343070984 0.040326546877622604 0.08400726318359375
0 0.5089963432401419 0.4997120276093483 0.032233428210020065 0.07635082304477692
0 0.556060791015625 0.4516106992959976 0.01980304718017578 0.08224347233772278
0 0.3092626091092825 0.5277853943407536 0.030307602137327194 0.1214066818356514
0 0.45723202265799046 0.49787112325429916 0.028579283505678177 0.07666502892971039
0 0.4621172668412328 0.46004523895680904 0.029459143057465553 0.042299311608076096
0 0.5359639646485448 0.43814392015337944 0.03027215041220188 0.09580739587545395
0 0.9274440165609121 0.631960965692997 0.052284907549619675 0.08298356831073761
0 0.4990123985335231 0.45595684833824635 0.021483277902007103 0.03572184219956398
