0 0.5899008624255657 0.6915076151490211 0.10931601375341415 0.22096557915210724
0 0.1976534090936184 0.44239379093050957 0.06344243139028549 0.11311569064855576
0 0.35930807515978813 0.661393016576767 0.04396631568670273 0.18056076765060425
0 0.868555523455143 0.869874119758606 0.12438221275806427 0.25963592529296875
0 0.5554695837199688 0.40991538390517235 0.0365237221121788 0.0788872167468071
0 0.9178818091750145 0.8645892888307571 0.13530664145946503 0.2708114683628082
0 0.12654023058712482 0.38527703657746315 0.04203956201672554 0.05384839326143265
0 0.28986934944987297 0.5152844935655594 0.05055858939886093 0.21464356780052185
0 0.7924989704042673 0.9429116249084473 0.056398916989564896 0.11261427402496338
0 0.2226614709943533 0.3866961784660816 0.038959454745054245 0.06135139614343643
0 0.3231570776551962 0.4241369888186455 0.047792624682188034 0.08171980082988739
0 0.5754211191087961 0.49130353704094887 0.034432221204042435 0.1226813867688179
0 0.6051792502403259 0.3880258724093437 0.03348994255065918 0.08431379497051239
0 0.6485485918819904 0.37496229633688927 0.033762313425540924 0.09303336590528488
0 0.27476346492767334 0.39337761886417866 0.02833712100982666 0.05140707269310951
0 0.07644252106547356 0.38243761099874973 0.04213535785675049 0.05891465023159981
0 0.25661095092073083 0.35901965387165546 0.014899087138473988 0.03516504541039467
