0 0.7487525828182697 0.6940530315041542 0.10101304203271866 0.203571155667305
0 0.5076410695910454 0.7366272211074829 0.08530311286449432 0.2493356466293335
0 0.9691302292048931 0.8539732247591019 0.06173553317785263 0.28841760754585266
0 0.12518060207366943 0.4061821699142456 0.044617414474487305 0.08984375
0 0.5919767022132874 0.5098678506910801 0.037637948989868164 0.11424649506807327
0 0.39784688875079155 0.43257759138941765 0.046877287328243256 0.06915601342916489
0 0.38735221698880196 0.5797456577420235 0.0507260337471962 0.14379514753818512
0 0.36232172325253487 0.4873107858002186 0.04694638401269913 0.1061808243393898
0 0.1815076619386673 0.39654218405485153 0.038489580154418945 0.051081761717796326
0 0.5523803941905499 0.43201932311058044 0.03834071010351181 0.09971809387207031
0 0.3139323238283396 0.39610664173960686 0.04506270959973335 0.07250823825597763
0 0.26922178268432617 0.40664372593164444 0.032634854316711426 0.06265093386173248
0 0.5898651601746678 0.409000875428319 0.029366159811615944 0.05248392000794411
0 0.6292366031557322 0.4062186889350414 0.020810652524232864 0.05276205390691757
0 0.5900002717971802 0.39381415769457817 0.04448843002319336 0.06563767045736313
0 0.3213215647265315 0.44414471462368965 0.029808973893523216 0.04917047172784805
0 0.29679128527641296 0.4515725299715996 0.03780257701873779 0.0643225759267807
0 0.6062109591439366 0.3854533080011606 0.027487898245453835 0.04787110164761543
