0 0.09274279512465 0.6677669957280159 0.05083932355046272 0.18197967112064362
0 0.234171275049448 0.6307459771633148 0.039946891367435455 0.1806129813194275
0 0.732572864741087 0.6589833647012711 0.08414974063634872 0.26290300488471985
0 0.1269163154065609 0.5817672237753868 0.03335770219564438 0.14066390693187714
0 0.36416476406157017 0.45055418461561203 0.03456847742199898 0.08341352641582489
0 0.5297837741672993 0.5254944339394569 0.03396163135766983 0.08702082931995392
0 0.9004468694329262 0.7235716581344604 0.07744093239307404 0.19790196418762207
0 0.2891194336116314 0.5327609926462173 0.03729560226202011 0.12325236201286316
0 0.1769358217716217 0.5668391212821007 0.03799331188201904 0.15566740930080414
0 0.9590667858719826 0.7282392457127571 0.08186645805835724 0.1675264984369278
0 0.5454777590930462 0.4619084484875202 0.046353958547115326 0.09038607031106949
0 0.2503041299059987 0.5182381421327591 0.0280927661806345 0.06437090039253235
0 0.5110973175615072 0.44481414183974266 0.025946568697690964 0.10958188027143478
0 0.3991721626371145 0.45086145028471947 0.039970945566892624 0.0571933314204216
0 0.4206943456083536 0.4984280876815319 0.02604513242840767 0.07165273278951645
0 0.45431927405297756 0.4926854185760021 0.04974241182208061 0.11929257959127426
0 0.95786102861166 0.6785739436745644 0.08390025794506073 0.1069767028093338
0 0.44064800813794136 0.5076465606689453 0.0339115634560585 0.09175652265548706
0 0.2350249169394374 0.4743954874575138 0.014137720689177513 0.03758985549211502
