0 0.7369491811841726 0.6600975915789604 0.058336447924375534 0.1812640279531479
0 0.8845909833908081 0.7029940262436867 0.06837940216064453 0.1975911408662796
0 0.027372702956199646 0.5654706358909607 0.03240062668919563 0.1341559886932373
0 0.7565337903797626 0.6033120453357697 0.07024703174829483 0.140536367893219
0 0.21618429943919182 0.6593022570014 0.06645216792821884 0.1805979460477829
0 0.9559454694390297 0.7241944670677185 0.08703108131885529 0.1810169219970703
0 0.5397665146738291 0.5270847529172897 0.029561329632997513 0.11639764904975891
0 0.2950902171432972 0.6364865638315678 0.037739016115665436 0.10791761428117752
0 0.32402850966900587 0.5410840436816216 0.027380919083952904 0.1382608264684677
0 0.49788739159703255 0.4870092123746872 0.03506932407617569 0.10744073987007141
0 0.4103628881275654 0.43844175338745117 0.03625521808862686 0.060797035694122314
0 0.20079003274440765 0.5712098218500614 0.03359425067901611 0.10003513842821121
0 0.45035465992987156 0.4856957644224167 0.03649287298321724 0.1324743926525116
0 0.5772472973912954 0.4652434401214123 0.03911275789141655 0.08312835544347763
0 0.9615586996078491 0.6686764135956764 0.07585763931274414 0.14999766647815704
0 0.24341900274157524 0.5931096076965332 0.049083612859249115 0.14294874668121338
0 0.47392165660858154 0.4903775155544281 0.03771567344665527 0.10575705766677856
0 0.2981230141595006 0.5126592330634594 0.02543475665152073 0.03957655280828476
0 0.5384060498327017 0.44657380133867264 0.04722876474261284 0.10775269567966461
0 0.29531853273510933 0.5594195201992989 0.040432073175907135 0.07000376284122467
0 0.5492862705141306 0.4632297419011593 0.042421866208314896 0.07930802553892136
