0 0.48870799690485 0.7440145909786224 0.07431454956531525 0.2560115456581116
0 0.7321957126259804 0.680306002497673 0.08780451118946075 0.1871008574962616
0 0.1211894154548645 0.4024812988936901 0.04444149136543274 0.0848509892821312
0 0.37986720725893974 0.5840590819716454 0.051975153386592865 0.16090087592601776
0 0.9670172929763794 0.8551123589277267 0.06574726104736328 0.2888077199459076
0 0.5526484958827496 0.42825135961174965 0.03718080371618271 0.09798062592744827
0 0.394809115678072 0.4250793308019638 0.04178044945001602 0.06817838549613953
0 0.5901565067470074 0.5070776343345642 0.03905882686376572 0.10577994585037231
0 0.17696482501924038 0.3913839142769575 0.03901715204119682 0.053937193006277084
0 0.3114768508821726 0.4019440859556198 0.04599623754620552 0.08227178454399109
0 0.2769247032701969 0.41658395901322365 0.0544494166970253 0.08930248767137527
0 0.3561562951654196 0.48512550815939903 0.04502887651324272 0.11703770607709885
0 0.5875562317669392 0.3960539922118187 0.0386260524392128 0.07332746684551239
0 0.6301746610552073 0.40161367878317833 0.02116422727704048 0.04606395214796066
0 0.6095088720321655 0.3858479931950569 0.02586507797241211 0.04333390295505524
0 0.6188547853380442 0.37894949316978455 0.0182831771671772 0.04455214738845825
0 0.5962652089074254 0.3561739604920149 0.012855911627411842 0.03034394606947899
