0 0.807683777064085 0.6897399723529816 0.09020914882421494 0.17469626665115356
0 0.5748390443623066 0.7582778632640839 0.08612094074487686 0.2534189820289612
0 0.1599489040672779 0.4092913307249546 0.04938916116952896 0.07186270505189896
0 0.6054783705621958 0.506587203592062 0.038476038724184036 0.08793538063764572
0 0.9835828058421612 0.7205207198858261 0.032834433019161224 0.08168110251426697
0 0.44196187891066074 0.5967169925570488 0.05680708959698677 0.1536162942647934
0 0.21136024594306946 0.4025447964668274 0.038112640380859375 0.055780112743377686
0 0.4012962821871042 0.48625853285193443 0.05132334306836128 0.08411585539579391
0 0.5547762624919415 0.4286598712205887 0.03671398013830185 0.07049229741096497
0 0.4304688572883606 0.4452395401895046 0.0372314453125 0.07925211638212204
0 0.29380021058022976 0.41949719935655594 0.03699953481554985 0.07720239460468292
0 0.6183181283995509 0.40029072016477585 0.025182580575346947 0.060918256640434265
0 0.5749001502990723 0.406641598790884 0.030724287033081055 0.06774919480085373
0 0.33420897647738457 0.4291074424982071 0.048439644277095795 0.07274267077445984
0 0.33393866941332817 0.40174074470996857 0.0458841547369957 0.06378695368766785
0 0.5936521533876657 0.3983621895313263 0.021808434277772903 0.04954499006271362
