0 0.7263443470001221 0.676137700676918 0.08856368064880371 0.18781211972236633
0 0.4834568127989769 0.7372789829969406 0.07389359176158905 0.24708005785942078
0 0.11916066147387028 0.4042923226952553 0.04617403820157051 0.08645083010196686
0 0.9715514536947012 0.8944602161645889 0.056821536272764206 0.2073076069355011
0 0.37673721835017204 0.5824532732367516 0.05211522430181503 0.1582445353269577
0 0.5879217870533466 0.5106157027184963 0.03997860103845596 0.11491351574659348
0 0.5532191041857004 0.41501666232943535 0.036142636090517044 0.07161589711904526
0 0.38841122947633266 0.42657825723290443 0.05151064321398735 0.07415623217821121
0 0.17267043516039848 0.3981429971754551 0.044869981706142426 0.07201839238405228
0 0.966778825968504 0.7801948040723801 0.06644239276647568 0.1406066119670868
0 0.5899688955396414 0.4000752381980419 0.0394258014857769 0.08060844987630844
0 0.3100547008216381 0.40558410435914993 0.04861631244421005 0.0872165709733963
0 0.28511910885572433 0.43971187993884087 0.07083062827587128 0.11804588884115219
0 0.35407811403274536 0.4855358973145485 0.04373300075531006 0.12150056660175323
0 0.2622840590775013 0.4018487147986889 0.03581962734460831 0.06102468818426132
0 0.6273768544197083 0.3898807018995285 0.029951095581054688 0.0634131133556366
0 0.6109690312296152 0.38731968961656094 0.03248291090130806 0.054574500769376755
0 0.5973190786316991 0.3564428649842739 0.012243175879120827 0.028173021972179413
0 0.9700197465717793 0.8219758160412312 0.058850862085819244 0.12358186393976212
