0 0.581103790551424 0.7578413635492325 0.07801280170679092 0.2631719410419464
0 0.8205511681735516 0.7165758535265923 0.10161962360143661 0.20599983632564545
0 0.9849974391981959 0.7267169132828712 0.03000507317483425 0.09697718918323517
0 0.4305214174091816 0.5511911660432816 0.09234926849603653 0.21625587344169617
0 0.16239482164382935 0.4159053899347782 0.04292827844619751 0.0864570215344429
0 0.5564894080162048 0.4385910741984844 0.03910636901855469 0.07743009179830551
0 0.2176014892756939 0.41315095499157906 0.037647925317287445 0.069341279566288
0 0.6068086139857769 0.5234952233731747 0.03993334621191025 0.11507373303174973
0 0.43426617980003357 0.44514576718211174 0.04102182388305664 0.07749875634908676
0 0.3001327756792307 0.42489805445075035 0.041034866124391556 0.0861545130610466
0 0.6170065645128489 0.4063526578247547 0.023579169064760208 0.07307366281747818
0 0.5764729864895344 0.400484561920166 0.04197845607995987 0.061168372631073
0 0.34964296221733093 0.4498067647218704 0.03462553024291992 0.05824771523475647
0 0.3350798487663269 0.417301369830966 0.039513468742370605 0.04765519127249718
0 0.5760649088770151 0.4150793217122555 0.02681427076458931 0.050200991332530975
0 0.5704223634675145 0.3774031549692154 0.027641916647553444 0.053829342126846313
0 0.3248165249824524 0.40675828233361244 0.022562503814697266 0.06555438786745071
