0 0.47320978716015816 0.6165855005383492 0.05929122120141983 0.16367436945438385
0 0.8462101109325886 0.7296843156218529 0.10827026516199112 0.22655551135540009
0 0.6147937886416912 0.5438495129346848 0.048242948949337006 0.12597927451133728
0 0.6090924739837646 0.7372004985809326 0.08190679550170898 0.22554659843444824
0 0.17534095980226994 0.415463138371706 0.044339705258607864 0.07473436743021011
0 0.42353919707238674 0.4808918423950672 0.04954798147082329 0.08530900627374649
0 0.23055655136704445 0.41355350613594055 0.0430280938744545 0.06844359636306763
0 0.3059725221246481 0.42489243298768997 0.03714151307940483 0.08783175051212311
0 0.5583763476461172 0.44490400701761246 0.03979654237627983 0.09002579748630524
0 0.4408583231270313 0.43892156705260277 0.032132722437381744 0.07359593361616135
0 0.9882179023697972 0.6971768066287041 0.02356424368917942 0.06888233125209808
0 0.35771417059004307 0.45202553272247314 0.060360003262758255 0.09790420532226562
0 0.6138419033959508 0.4151310548186302 0.0284134391695261 0.07582740485668182
0 0.3451661951839924 0.4106938801705837 0.0367107167840004 0.06670206040143967
0 0.5725829489529133 0.40525208972394466 0.036954738199710846 0.057692211121320724
0 0.5874291183426976 0.4027119744569063 0.021839523687958717 0.05058470740914345
0 0.5758841745555401 0.4232291206717491 0.039818666875362396 0.0675075501203537
