0 0.8431194201111794 0.7309371307492256 0.11902542412281036 0.2234945446252823
0 0.5982463248074055 0.7304095849394798 0.07691941410303116 0.21295492351055145
0 0.46158159896731377 0.6077408343553543 0.0576716884970665 0.16543057560920715
0 0.612965751439333 0.538360945880413 0.04882345348596573 0.13096623122692108
0 0.4172345045953989 0.4843873083591461 0.049874115735292435 0.08704888820648193
0 0.17133091017603874 0.42002153396606445 0.04353567212820053 0.08557069301605225
0 0.43817831203341484 0.44984038919210434 0.03452911227941513 0.08457671105861664
0 0.30348820611834526 0.4240307956933975 0.036569856107234955 0.08867242932319641
0 0.22643930278718472 0.41130842454731464 0.04009432718157768 0.06222144141793251
0 0.9873069645836949 0.7061150707304478 0.02538433112204075 0.06581450253725052
0 0.5572110656648874 0.44463344290852547 0.040407467633485794 0.08614663034677505
0 0.6177426222711802 0.4148677848279476 0.030099201947450638 0.07514088600873947
0 0.35420178808271885 0.4528615400195122 0.06147794798016548 0.10742293298244476
0 0.5792272929102182 0.4081932418048382 0.033768702298402786 0.06412985175848007
0 0.33026624331250787 0.3898838981986046 0.013696265406906605 0.03326581418514252
