0 0.6776973977684975 0.6806843876838684 0.08404894173145294 0.19131147861480713
0 0.2732030265033245 0.45476724207401276 0.04294218868017197 0.08689197897911072
0 0.8520098924636841 0.7522694543004036 0.09816169738769531 0.20954085886478424
0 0.666731858626008 0.5785967446863651 0.06143646314740181 0.11102587729692459
0 0.16696938313543797 0.5207707285881042 0.0496055968105793 0.10726708173751831
0 0.49057027138769627 0.5192601941525936 0.05039839819073677 0.09481006115674973
0 0.9359535686671734 0.7609655633568764 0.09611787647008896 0.2057315856218338
0 0.9528855457901955 0.6874210499227047 0.08471889793872833 0.1243085190653801
0 0.1020808108150959 0.6404621079564095 0.05592773109674454 0.16773320734500885
0 0.39614986814558506 0.4751889854669571 0.03831379488110542 0.1044447124004364
0 0.426029646769166 0.478168323636055 0.04013972356915474 0.11186650395393372
0 0.03627158305607736 0.610556922852993 0.06781437247991562 0.15135137736797333
0 0.1276013758033514 0.5161871239542961 0.0341346375644207 0.059229955077171326
0 0.44530969858169556 0.4890041686594486 0.02501988410949707 0.07514996081590652
0 0.36945157684385777 0.4737914688885212 0.03671698644757271 0.09233949333429337
0 0.3396669030189514 0.44898001477122307 0.030054807662963867 0.05836906284093857
0 0.5273819677531719 0.4703831374645233 0.03126993030309677 0.05696898698806763
0 0.05474962666630745 0.5600584298372269 0.033172838389873505 0.07834163308143616
0 0.49909508787095547 0.44207494147121906 0.039623212069272995 0.0589236356317997
0 0.10661400714889169 0.4736762885004282 0.013883274979889393 0.035683441907167435
0 0.4925444070249796 0.45876067504286766 0.02868824079632759 0.055688731372356415
