0 0.6261710412800312 0.7614982724189758 0.08539209514856339 0.2626833915710449
0 0.4879692867398262 0.6266487166285515 0.06618638336658478 0.17154918611049652
0 0.6157592292875051 0.5414000526070595 0.0447663776576519 0.1267237812280655
0 0.8516817912459373 0.7050763070583344 0.09193973243236542 0.17925232648849487
0 0.18212570622563362 0.4149586670100689 0.042927421629428864 0.07510986179113388
0 0.43356412649154663 0.48993921652436256 0.05363583564758301 0.09296620637178421
0 0.3654547147452831 0.4399802051484585 0.06826271861791611 0.1186445876955986
0 0.44313718006014824 0.43768196552991867 0.033072374761104584 0.07546810805797577
0 0.3110448308289051 0.4358551762998104 0.03577420860528946 0.0966983363032341
0 0.23772624135017395 0.41474005207419395 0.041977763175964355 0.07363175600767136
0 0.5605675466358662 0.4366130083799362 0.038468457758426666 0.0743841826915741
0 0.5730767492204905 0.42281482368707657 0.04053907468914986 0.08525682985782623
0 0.6084254626184702 0.40874001383781433 0.025073576718568802 0.06983506679534912
0 0.9895275477319956 0.6952607370913029 0.02094297483563423 0.06220800429582596
0 0.57701216917485 0.3876530025154352 0.029822206124663353 0.05296863988041878
0 0.5890645626932383 0.4230046905577183 0.0316801555454731 0.07941640168428421
