0 0.6205745581537485 0.6660259440541267 0.041068363934755325 0.23658837378025055
0 0.3296956606209278 0.7707734555006027 0.07957492023706436 0.3050973117351532
0 0.39230827055871487 0.5550955310463905 0.04984993860125542 0.17879880964756012
0 0.5627306215465069 0.6809975802898407 0.048802755773067474 0.2620123028755188
0 0.3202396985143423 0.4982226565480232 0.051135849207639694 0.15766771137714386
0 0.8185312636196613 0.3654077909886837 0.031948186457157135 0.09730737656354904
0 0.26002801675349474 0.3777300454676151 0.030748868361115456 0.09110302478075027
0 0.7376778600737453 0.35939424484968185 0.030477380380034447 0.08099214732646942
0 0.1242059487849474 0.3296887017786503 0.03347818925976753 0.062042661011219025
0 0.34383026976138353 0.3397722356021404 0.02186455763876438 0.06530763953924179
0 0.19056016206741333 0.36192258447408676 0.026470541954040527 0.08945374190807343
0 0.29392909444868565 0.43378301337361336 0.0279264934360981 0.12085524946451187
0 0.8660475853830576 0.3625510670244694 0.03257637098431587 0.08049655705690384
0 0.8908886192366481 0.3570975624024868 0.03082570992410183 0.06417035311460495
0 0.15745542012155056 0.33890566043555737 0.020257186144590378 0.04179280623793602
0 0.6301819793879986 0.8784653544425964 0.05626931041479111 0.24306929111480713
0 0.3133696196600795 0.3423611056059599 0.019593095406889915 0.05322214588522911
0 0.8876328710466623 0.3341402877122164 0.03725700452923775 0.0623263455927372
0 0.31121028680354357 0.31680178456008434 0.020641470327973366 0.048238035291433334
0 0.18055315036326647 0.3346339538693428 0.011065447703003883 0.03675355017185211
0 0.2688054321333766 0.3635126259177923 0.021743392571806908 0.05549685284495354
