0 0.8007553108036518 0.7840090990066528 0.11742744594812393 0.25134456157684326
0 0.6134146563708782 0.6504884287714958 0.06592860072851181 0.16579614579677582
0 0.09127563424408436 0.5042999722063541 0.05543376877903938 0.12022501975297928
0 0.922650646418333 0.7601563632488251 0.09473886340856552 0.20574229955673218
0 0.6530900485813618 0.5750852897763252 0.04851851612329483 0.14376594126224518
0 0.49938269704580307 0.5018634721636772 0.06877307593822479 0.1650245636701584
0 0.9696676023304462 0.6998330727219582 0.06066475063562393 0.11902232468128204
0 0.010007265955209732 0.6407535597681999 0.020014531910419464 0.09738384187221527
0 0.03216997068375349 0.48580770939588547 0.044530730694532394 0.08673261106014252
0 0.24626434408128262 0.4399043135344982 0.03791625425219536 0.08208592981100082
0 0.35822825506329536 0.4574795290827751 0.0337815061211586 0.08317701518535614
0 0.3054506182670593 0.43208086863160133 0.040187835693359375 0.06032545119524002
0 0.5653013344854116 0.47947883233428 0.03131909295916557 0.06792949885129929
0 0.39095956087112427 0.44994769617915154 0.04135894775390625 0.08635177463293076
0 0.42900022864341736 0.4584171026945114 0.047759056091308594 0.10915926098823547
0 0.5475913528352976 0.429766196757555 0.036684561520814896 0.07464943081140518
0 0.5599242094904184 0.42363670840859413 0.03188829496502876 0.057340748608112335
0 0.5658716559410095 0.45677724853157997 0.02853989601135254 0.06899596005678177
0 0.5530378939583898 0.413474153727293 0.025664472952485085 0.07351180166006088
0 0.4102603020146489 0.4322877563536167 0.0180524829775095 0.06492114812135696
