0 0.701942790299654 0.7008983418345451 0.10172305256128311 0.22211812436580658
0 0.45511554554104805 0.723204717040062 0.06305298954248428 0.25526055693626404
0 0.5867667086422443 0.5164688527584076 0.04950914531946182 0.13155466318130493
0 0.35715703293681145 0.5734924301505089 0.05363895744085312 0.13926641643047333
0 0.37651558592915535 0.4280159994959831 0.04335746914148331 0.07610587775707245
0 0.1090289056301117 0.4039815180003643 0.04532727599143982 0.0810147151350975
0 0.9613202325999737 0.792672723531723 0.07713546603918076 0.17548400163650513
0 0.5540363788604736 0.416450098156929 0.034644365310668945 0.0727667510509491
0 0.9574864022433758 0.8896733447909355 0.0849703773856163 0.22000978887081146
0 0.29860746301710606 0.4042770564556122 0.045780111104249954 0.09413397312164307
0 0.590264331549406 0.3897845707833767 0.03459324687719345 0.06396793574094772
0 0.1625388916581869 0.39278047531843185 0.047325920313596725 0.06433682143688202
0 0.335512375459075 0.48674340546131134 0.04563481733202934 0.12314245104789734
0 0.259589359164238 0.44013143330812454 0.06525230407714844 0.08869095146656036
0 0.25082590244710445 0.39542415738105774 0.0395173542201519 0.06349724531173706
0 0.6165477754548192 0.38148283772170544 0.027988100424408913 0.05002140626311302
0 0.6333042504265904 0.4059687424451113 0.025165462866425514 0.04368773475289345
0 0.6116331815719604 0.37039969861507416 0.02713632583618164 0.057030826807022095
