0 0.6024251691997051 0.6894385069608688 0.11043062061071396 0.21936556696891785
0 0.3690141849219799 0.6850837543606758 0.04484417289495468 0.22019220888614655
0 0.8820577412843704 0.8695119023323059 0.12551060318946838 0.2567558288574219
0 0.553647493943572 0.407280083745718 0.03890342637896538 0.0711316391825676
0 0.2026357464492321 0.43231919407844543 0.05687227100133896 0.08784133195877075
0 0.29897877015173435 0.5532902553677559 0.04490034654736519 0.14931674301624298
0 0.9210835918784142 0.8571887165307999 0.12078885734081268 0.2799268066883087
0 0.5767103675752878 0.4966863915324211 0.03782706335186958 0.12696592509746552
0 0.22508644498884678 0.38518238067626953 0.03756563737988472 0.06130093336105347
0 0.3291069455444813 0.4237727038562298 0.0451345220208168 0.0824817642569542
0 0.6018216256052256 0.3889107219874859 0.032929230481386185 0.08148583024740219
0 0.27089419960975647 0.38891540840268135 0.04002976417541504 0.08730027824640274
0 0.82125324010849 0.9434072226285934 0.06352782249450684 0.11176952719688416
0 0.6430240031331778 0.36772405728697777 0.03589267656207085 0.07485120743513107
0 0.2919574622064829 0.4630439914762974 0.048596788197755814 0.11140162497758865
0 0.07847501337528229 0.3888187147676945 0.04077290743589401 0.06432516127824783
0 0.12965017929673195 0.3845467399805784 0.04101238399744034 0.057879891246557236
0 0.29977424070239067 0.4131208322942257 0.03677251189947128 0.07120984047651291
