0 0.5345462933182716 0.7337014824151993 0.06411905586719513 0.24366989731788635
0 0.7861725799739361 0.711616650223732 0.1005951389670372 0.2195904552936554
0 0.9808902032673359 0.743210919201374 0.038219548761844635 0.12756504118442535
0 0.6015178803354502 0.5305556207895279 0.04514341428875923 0.12863460183143616
0 0.4218781813979149 0.6027297526597977 0.06391172111034393 0.17502334713935852
0 0.14261961169540882 0.40843913331627846 0.04527728632092476 0.0677199438214302
0 0.5529319886118174 0.4266187287867069 0.03912072256207466 0.0783534124493599
0 0.4170884434133768 0.4333208240568638 0.03917412832379341 0.06943333894014359
0 0.20030570589005947 0.3991992212831974 0.043063949793577194 0.06289774924516678
0 0.6249128459021449 0.40050720423460007 0.02505812607705593 0.06430982053279877
0 0.38453694619238377 0.47759903594851494 0.046799350529909134 0.08894415944814682
0 0.32220175117254257 0.4523705653846264 0.06577925384044647 0.10479452461004257
0 0.5800999160856009 0.397152466699481 0.03338808938860893 0.0519426129758358
0 0.2850282844156027 0.4134438969194889 0.04415483400225639 0.08504367619752884
0 0.32802379690110683 0.41092104464769363 0.04250771924853325 0.07608659565448761
0 0.5997588159516454 0.3958285544067621 0.029044294729828835 0.04957737401127815
0 0.5936395404860377 0.3783081378787756 0.029575442895293236 0.06079165264964104
