0 0.5746016502380371 0.6915915161371231 0.05221295356750488 0.2572477161884308
0 0.6354920268058777 0.6639028564095497 0.042562246322631836 0.21306033432483673
0 0.34547968581318855 0.7821614891290665 0.07343290001153946 0.2809077799320221
0 0.37302843295037746 0.5535250455141068 0.04759962484240532 0.15761926770210266
0 0.30125390365719795 0.49751821905374527 0.04506263881921768 0.14134229719638824
0 0.1764352135360241 0.3757148012518883 0.032647810876369476 0.09336666762828827
0 0.27317904867231846 0.43211764842271805 0.029126692563295364 0.12551482021808624
0 0.781329894438386 0.3725093752145767 0.03155117109417915 0.09962251782417297
0 0.10693643614649773 0.3382580615580082 0.038225121796131134 0.07948882132768631
0 0.7058017970994115 0.3804601952433586 0.027031565085053444 0.06976865231990814
0 0.2481302861124277 0.3836203031241894 0.03352944925427437 0.09486325830221176
0 0.8424062971025705 0.34735406190156937 0.0526459701359272 0.07707114517688751
0 0.7062711594626307 0.44527411833405495 0.026512717828154564 0.07710177451372147
0 0.1394720645621419 0.33426521718502045 0.03042062558233738 0.0596369206905365
0 0.32385621685534716 0.34510147385299206 0.025543833151459694 0.05694257840514183
0 0.2886075023561716 0.34113508835434914 0.018807340413331985 0.04529488831758499
0 0.3220129366964102 0.3246797062456608 0.02245349809527397 0.06607604771852493
