0 0.027361952350474894 0.6941876336932182 0.05109415575861931 0.20598016679286957
0 0.8944451697170734 0.7563324123620987 0.11347589641809464 0.22208824753761292
0 0.0866194311529398 0.5926035344600677 0.03277837112545967 0.14508289098739624
0 0.5353659279644489 0.47617676109075546 0.04226551204919815 0.09322170913219452
0 0.19235539995133877 0.6316770017147064 0.044135402888059616 0.1594882607460022
0 0.13129349052906036 0.5891319885849953 0.04233205318450928 0.197714701294899
0 0.9502577073872089 0.766465499997139 0.09948454052209854 0.21692779660224915
0 0.2521732486784458 0.5378111898899078 0.04731772094964981 0.1320834755897522
0 0.5177333243191242 0.524378340691328 0.05944357067346573 0.11445244401693344
0 0.6960397139191628 0.5853906236588955 0.0631839781999588 0.1191849634051323
0 0.20999742485582829 0.5147896930575371 0.046967435628175735 0.09907756745815277
0 0.33299819752573967 0.45335227996110916 0.036765001714229584 0.08328081667423248
0 0.49478339590132236 0.44565006345510483 0.033289242535829544 0.11085544526576996
0 0.402784276753664 0.487803652882576 0.031848885118961334 0.1172855794429779
0 0.3757473770529032 0.4630570635199547 0.03173105791211128 0.07931654155254364
0 0.4477173984050751 0.4952867664396763 0.035562753677368164 0.08044857531785965
0 0.9614225849509239 0.6931526437401772 0.07700853049755096 0.12843067944049835
0 0.7217066884040833 0.6724766567349434 0.06139397621154785 0.14037658274173737
0 0.4227215647697449 0.49752241373062134 0.02930450439453125 0.07404458522796631
0 0.11993578262627125 0.5136447623372078 0.01576339080929756 0.04811312258243561
