0 0.06881623715162277 0.6596123203635216 0.04932587593793869 0.16294293105602264
0 0.22029810026288033 0.6408785879611969 0.04089919477701187 0.18522483110427856
0 0.7373211160302162 0.6944483891129494 0.06552739441394806 0.17636795341968536
0 0.7150659449398518 0.58015476167202 0.05227265506982803 0.11915990710258484
0 0.3550316747277975 0.45602061599493027 0.037824343889951706 0.08671514689922333
0 0.9556764848530293 0.7462180554866791 0.08864698559045792 0.20379489660263062
0 0.11459792591631413 0.579319104552269 0.03958602622151375 0.1342063844203949
0 0.8981875665485859 0.736764207482338 0.08656606823205948 0.22095099091529846
0 0.23504560254514217 0.516764685511589 0.04103989526629448 0.11225107312202454
0 0.2739001866430044 0.5251804627478123 0.03537948057055473 0.11453963071107864
0 0.16124604269862175 0.5906593352556229 0.03901543468236923 0.19062355160713196
0 0.5220048539340496 0.5124907717108727 0.04261817783117294 0.10138295590877533
0 0.43906891345977783 0.4969223737716675 0.03579306602478027 0.11247193813323975
0 0.543279493227601 0.4638715460896492 0.041792917996644974 0.08098717033863068
0 0.39237638749182224 0.45004552602767944 0.033565688878297806 0.061601340770721436
0 0.4121698495000601 0.4800828620791435 0.025633763521909714 0.0940091460943222
0 0.96961166895926 0.6754523701965809 0.06026916578412056 0.11020080000162125
0 0.45820455625653267 0.4991956613957882 0.03131923824548721 0.08070271462202072
0 0.5063746683299541 0.42572585865855217 0.03543677181005478 0.07550057023763657
0 0.5030957339331508 0.446102824062109 0.027998780831694603 0.0711703822016716
0 0.5270096175372601 0.4466031417250633 0.03271117061376572 0.06657926738262177
