0 0.49804311245679855 0.6692410707473755 0.07661609351634979 0.2127087116241455
0 0.3142212741076946 0.6564787924289703 0.043649934232234955 0.23831909894943237
0 0.6702408194541931 0.9231170788407326 0.06357884407043457 0.15375764667987823
0 0.845029927790165 0.8613869249820709 0.11391730606555939 0.27679747343063354
0 0.16364706121385098 0.4239874817430973 0.048172663897275925 0.09502173215150833
0 0.7811046466231346 0.8504885286092758 0.11268691718578339 0.29553887248039246
0 0.6301581859588623 0.38290735334157944 0.03340911865234375 0.08704064786434174
0 0.5684745069593191 0.39948613569140434 0.03162021562457085 0.08230086416006088
0 0.5789362899959087 0.4782565124332905 0.03390850871801376 0.11653319746255875
0 0.6788134220987558 0.3623330742120743 0.03427152708172798 0.07766935229301453
0 0.2136290017515421 0.3886944092810154 0.028196264058351517 0.06741786748170853
0 0.25998711213469505 0.5257667452096939 0.04216494411230087 0.1535850465297699
0 0.11108913458883762 0.3775867894291878 0.036979932337999344 0.06979240477085114
0 0.06828891485929489 0.3742408324033022 0.03771912306547165 0.06042853370308876
0 0.26142742857337 0.3703029938042164 0.03940143436193466 0.07779596000909805
0 0.2590367551892996 0.4390413761138916 0.04299015924334526 0.09536874294281006
0 0.2880953196436167 0.42342812195420265 0.04807715490460396 0.08102519065141678
0 0.2622772045433521 0.46508877351880074 0.04364631325006485 0.06500176340341568
0 0.3187594888731837 0.5684833396226168 0.015953755006194115 0.06074926629662514
