0 0.6189542300999165 0.6652485579252243 0.08807716518640518 0.17560657858848572
0 0.39513517171144485 0.7216681391000748 0.06302888691425323 0.24959996342658997
0 0.31560002639889717 0.5682426989078522 0.05138728767633438 0.16900163888931274
0 0.9184658974409103 0.878593772649765 0.15481719374656677 0.24246937036514282
0 0.5974993109703064 0.38772132620215416 0.0361485481262207 0.06675326079130173
0 0.9402102716267109 0.8152759373188019 0.11485777050256729 0.19608348608016968
0 0.13554107397794724 0.3824369050562382 0.04469722509384155 0.05692238360643387
0 0.33729391172528267 0.42200278118252754 0.046648479998111725 0.08530298620462418
0 0.6350109092891216 0.37432706728577614 0.037686727941036224 0.07788795977830887
0 0.5537758115679026 0.4121268652379513 0.04092102125287056 0.08271174877882004
0 0.08413478918373585 0.392776794731617 0.04010211303830147 0.07200075685977936
0 0.21108245477080345 0.4278351403772831 0.053005896508693695 0.09595824033021927
0 0.30203843116760254 0.4693353660404682 0.04386591911315918 0.12078598886728287
0 0.5759492758661509 0.498100183904171 0.036066342145204544 0.1251634806394577
0 0.23299198225140572 0.3864010013639927 0.03747139126062393 0.06199211627244949
0 0.2843236569315195 0.40402691066265106 0.035513926297426224 0.05658641457557678
0 0.226411122828722 0.4577850475907326 0.036789990961551666 0.06663729250431061
0 0.26382245402783155 0.36793383210897446 0.016910171136260033 0.03658430278301239
