0 0.8653219118714333 0.7753784134984016 0.12003250420093536 0.23270370066165924
0 0.9428159706294537 0.7759438902139664 0.11244525760412216 0.22452667355537415
0 0.04954991117119789 0.6093168407678604 0.0641009509563446 0.19341960549354553
0 0.2820248492062092 0.4582728147506714 0.042499758303165436 0.08532333374023438
0 0.12238657847046852 0.6525520123541355 0.046970926225185394 0.10447455197572708
0 0.49181152507662773 0.5188195705413818 0.04875960201025009 0.11056387424468994
0 0.18278136290609837 0.5189328379929066 0.05120335891842842 0.10651270300149918
0 0.6644282229244709 0.5869053490459919 0.056174136698246 0.11028824001550674
0 0.13745102658867836 0.5095755122601986 0.044192709028720856 0.0915532037615776
0 0.9536007642745972 0.7251760065555573 0.08948755264282227 0.18935352563858032
0 0.5160488598048687 0.4681681916117668 0.04935254901647568 0.10755865275859833
0 0.06296225637197495 0.5394662655889988 0.03852125257253647 0.09466756135225296
0 0.3446961883455515 0.4562799781560898 0.03739123418927193 0.07814356684684753
0 0.6865933891385794 0.6821911595761776 0.060709428042173386 0.12095468491315842
0 0.4355594515800476 0.48823560401797295 0.04320669174194336 0.08557137101888657
0 0.3996044574305415 0.4879443868994713 0.03091118298470974 0.06354688107967377
0 0.3737792484462261 0.4716750793159008 0.03328707069158554 0.08201446384191513
0 0.3804199043661356 0.49906083568930626 0.031002569943666458 0.06968646496534348
0 0.4836890157312155 0.44872448220849037 0.02355499193072319 0.05919880419969559
0 0.9088784214109182 0.6696215495467186 0.04492206498980522 0.0799587219953537
0 0.40268249437212944 0.4681711085140705 0.03403308242559433 0.0835777297616005
0 0.4113661888986826 0.4452925752848387 0.01815943792462349 0.051908280700445175
