0 0.4257151894271374 0.6873251497745514 0.05114855617284775 0.192607581615448
0 0.6741495355963707 0.6942012459039688 0.10195617377758026 0.2113206684589386
0 0.36195087991654873 0.4259740710258484 0.04236586019396782 0.06914389133453369
0 0.1518275886774063 0.3915856499224901 0.04640835523605347 0.0607001818716526
0 0.9548584707081318 0.8180926889181137 0.09028301388025284 0.1931191384792328
0 0.33001845329999924 0.5247667655348778 0.06401209533214569 0.2060801237821579
0 0.944508146494627 0.8895437940955162 0.11098375171422958 0.21940366923809052
0 0.09575880505144596 0.39265941455960274 0.040795017033815384 0.06932321935892105
0 0.578995656222105 0.5023109018802643 0.03876819461584091 0.1110076904296875
0 0.555132245644927 0.4232722036540508 0.03781003877520561 0.08975448459386826
0 0.5915299169719219 0.3887880779802799 0.033489130437374115 0.06895173341035843
0 0.23913098871707916 0.44073985889554024 0.060472846031188965 0.1145530715584755
0 0.2881009690463543 0.382439449429512 0.0439394935965538 0.06448885798454285
0 0.617786169052124 0.36641103960573673 0.027667999267578125 0.06176789477467537
0 0.2443204913288355 0.39289363101124763 0.03803544119000435 0.05786476284265518
0 0.635583782568574 0.40106485038995743 0.024572420865297318 0.05611826479434967
0 0.5803390145301819 0.36930455081164837 0.01604628562927246 0.03302523121237755
0 0.2271898202598095 0.4041654299944639 0.039360664784908295 0.056669022887945175
