0 0.8280210010707378 0.7539369091391563 0.12021078914403915 0.22101347148418427
0 0.6343544833362103 0.6666082590818405 0.07087769359350204 0.1760140359401703
0 0.9317329525947571 0.7825853228569031 0.10165691375732422 0.24031639099121094
0 0.657944917678833 0.5900968089699745 0.05697989463806152 0.14469654858112335
0 0.030930230394005775 0.6213742271065712 0.06186046078801155 0.19658143818378448
0 0.11290166340768337 0.5025929324328899 0.04861531779170036 0.12170799821615219
0 0.25671700574457645 0.45337701588869095 0.04281585291028023 0.09517915546894073
0 0.05953410640358925 0.4983213320374489 0.05135259032249451 0.1015106588602066
0 0.9680184945464134 0.7020044922828674 0.06370572745800018 0.13364732265472412
0 0.3173380494117737 0.4409092143177986 0.041718244552612305 0.07454456388950348
0 0.43124723993241787 0.46638447791337967 0.04345722123980522 0.10830934345722198
0 0.3970201313495636 0.46637385711073875 0.04411900043487549 0.10239558666944504
0 0.49876974895596504 0.5077313110232353 0.05639777332544327 0.10370360314846039
0 0.5572749860584736 0.4572938531637192 0.04531536251306534 0.09421619772911072
0 0.36471051536500454 0.4600661173462868 0.03436727449297905 0.09796036779880524
0 0.5270650386810303 0.4458254687488079 0.022990703582763672 0.09192212671041489
0 0.4793513175100088 0.4585931710898876 0.03059382364153862 0.07418759912252426
0 0.008006388321518898 0.5449558831751347 0.016012776643037796 0.0463375523686409
