0 0.36172006092965603 0.5815548598766327 0.03971273824572563 0.17013037204742432
0 0.3952990248799324 0.848370373249054 0.06510026752948761 0.30181586742401123
0 0.6707425005733967 0.7129334136843681 0.05621752887964249 0.23056577146053314
0 0.601324200630188 0.7271846681833267 0.05761575698852539 0.2631254494190216
0 0.2761799693107605 0.5330680906772614 0.05379211902618408 0.159224271774292
0 0.7298138262704015 0.3753589652478695 0.0309924129396677 0.0901707336306572
0 0.2918487135320902 0.34752200171351433 0.028081584721803665 0.07868774980306625
0 0.2504251692444086 0.4706879109144211 0.029099751263856888 0.08753415942192078
0 0.15635328274220228 0.39187730103731155 0.029040371999144554 0.07896442711353302
0 0.7920157313346863 0.35233669355511665 0.050452470779418945 0.07690999656915665
0 0.6608250262215734 0.3775494433939457 0.025524521246552467 0.09293223172426224
0 0.08629064820706844 0.3380026575177908 0.03562445566058159 0.0562901608645916
0 0.23844916187226772 0.3915795460343361 0.04054148122668266 0.08942951261997223
0 0.2539168121293187 0.34125223010778427 0.019202137365937233 0.05951033532619476
0 0.7809466607868671 0.9466584324836731 0.041004277765750885 0.10600602626800537
0 0.6622091773897409 0.4612935706973076 0.026018191128969193 0.08340297639369965
0 0.12712224386632442 0.35261684842407703 0.029284965246915817 0.04760909453034401
0 0.2538289399817586 0.3609438091516495 0.02032163180410862 0.058576732873916626
0 0.12064140848815441 0.34327806532382965 0.03228933736681938 0.06387314200401306
