0 0.6429188251495361 0.75633305311203 0.06602072715759277 0.2479400634765625
0 0.2752383463084698 0.5842549055814743 0.04090835899114609 0.19276168942451477
0 0.7139023318886757 0.7726422771811485 0.07091470062732697 0.23768369853496552
0 0.3817977365106344 0.6130502969026566 0.0405014269053936 0.1845351755619049
0 0.6834226734936237 0.3810837045311928 0.03134880214929581 0.09222020208835602
0 0.23260445892810822 0.46961306780576706 0.04022359848022461 0.17318449914455414
0 0.26917126774787903 0.35603657364845276 0.0330585241317749 0.07433253526687622
0 0.06748044304549694 0.35640911012887955 0.03699636831879616 0.06697167456150055
0 0.6165299657732248 0.3878679499030113 0.02568202093243599 0.09946422278881073
0 0.14086740091443062 0.3954094238579273 0.03603222221136093 0.10011474043130875
0 0.10549712367355824 0.3591731898486614 0.03372957184910774 0.07204344123601913
0 0.47176504135131836 0.8707557618618011 0.06683492660522461 0.2584884762763977
0 0.7435441724956036 0.35556212440133095 0.039221666753292084 0.07405836135149002
0 0.6264622211456299 0.4781321734189987 0.03413581848144531 0.09244588017463684
0 0.22683302778750658 0.36280712857842445 0.0266894344240427 0.05196584016084671
0 0.24545372743159533 0.4035705644637346 0.031156087294220924 0.047230783849954605
0 0.22481436096131802 0.3818818312138319 0.03147096559405327 0.054962094873189926
0 0.1155166458338499 0.36848633736371994 0.03380681201815605 0.04961816966533661
0 0.22488864045590162 0.34542948193848133 0.019450759515166283 0.05063474550843239
