0 0.873497761785984 0.7079576402902603 0.07361908257007599 0.19992497563362122
0 0.7315531857311726 0.6520613953471184 0.054978229105472565 0.16379593312740326
0 0.05678572319447994 0.5562149584293365 0.0380147360265255 0.12969529628753662
0 0.7625896688550711 0.578315019607544 0.058823298662900925 0.10315704345703125
0 0.5869688633829355 0.4728722609579563 0.03300051763653755 0.0964890792965889
0 0.9510322213172913 0.6677633821964264 0.09044027328491211 0.15922588109970093
0 0.5438893679529428 0.5251946225762367 0.02783064916729927 0.06608416140079498
0 0.946513008326292 0.7293120101094246 0.08592834323644638 0.20376600325107574
0 0.24575310572981834 0.6187844946980476 0.07090189307928085 0.1789616495370865
0 0.31729540787637234 0.645715594291687 0.037325453013181686 0.11162757873535156
0 0.33379526156932116 0.5290701650083065 0.02264096774160862 0.11369752138853073
0 0.2626803629100323 0.5913990065455437 0.05312337726354599 0.1924506276845932
0 0.5081193502992392 0.4851428046822548 0.03581972047686577 0.08616943657398224
0 0.31227570213377476 0.5279311500489712 0.028826404362916946 0.12262111157178879
0 0.4247257113456726 0.4530552811920643 0.03784894943237305 0.07960955053567886
0 0.4841003119945526 0.49851084128022194 0.04087471961975098 0.1036067083477974
0 0.5485970377922058 0.4643037021160126 0.03304934501647949 0.06498366594314575
0 0.5123490393161774 0.5055896043777466 0.028751373291015625 0.07450485229492188
0 0.459161126986146 0.502207063138485 0.026189375668764114 0.06239674985408783
0 0.4614173350855708 0.4593776557594538 0.028154468163847923 0.043397266417741776
0 0.5318669322878122 0.43397399596869946 0.016602564603090286 0.039156850427389145
0 0.004606576636433601 0.5924775116145611 0.009213153272867203 0.05152609199285507
