0 0.4236440658569336 0.5256945267319679 0.04882681369781494 0.1671919971704483
0 0.3235008493065834 0.697035551071167 0.07886190712451935 0.2664203643798828
0 0.556080961599946 0.7417965531349182 0.06007509306073189 0.432466983795166
0 0.8722903970628977 0.3702152781188488 0.03053121641278267 0.09932365268468857
0 0.6081401817500591 0.6319881230592728 0.045339249074459076 0.21992793679237366
0 0.7818780187517405 0.3589302934706211 0.03612499311566353 0.08175576478242874
0 0.3539016656577587 0.4774762690067291 0.04157259315252304 0.1482149362564087
0 0.32788145542144775 0.4196859262883663 0.028122425079345703 0.11967205256223679
0 0.37694947700947523 0.32973384112119675 0.02250382862985134 0.05323956906795502
0 0.9171088449656963 0.36965104565024376 0.03827085345983505 0.08492236584424973
0 0.7911404855549335 0.4476594850420952 0.03272400051355362 0.09957127273082733
0 0.2847521658986807 0.3692411296069622 0.03490753099322319 0.09337206929922104
0 0.9513118378818035 0.3618777021765709 0.03273191303014755 0.06635646522045135
0 0.17695783637464046 0.31879017874598503 0.027759503573179245 0.06004973500967026
0 0.34747257828712463 0.3216562718153 0.0171506404876709 0.06705495715141296
0 0.15258423425257206 0.32256897166371346 0.029781270772218704 0.06464377790689468
0 0.21540877781808376 0.3574644699692726 0.024745654314756393 0.06786246597766876
0 0.3557371497154236 0.2988600954413414 0.03068828582763672 0.02683393657207489
0 0.9375980021432042 0.3214390305802226 0.0157031062990427 0.030466800555586815
