0 0.7490010969340801 0.7764667198061943 0.11485042423009872 0.2402270883321762
0 0.5702283605933189 0.6262238770723343 0.06429652869701385 0.14449730515480042
0 0.9129533171653748 0.7575962617993355 0.09679174423217773 0.2211674600839615
0 0.6426141746342182 0.5556270927190781 0.04699430614709854 0.12601301074028015
0 0.9775226823985577 0.7324481755495071 0.044954679906368256 0.16646626591682434
0 0.02917855978012085 0.4889014698565006 0.0583571195602417 0.11619991809129715
0 0.2799609489738941 0.43013251572847366 0.03146836906671524 0.06274689733982086
0 0.34584153816103935 0.45106716826558113 0.037984512746334076 0.09503296762704849
0 0.22528772428631783 0.4336024411022663 0.03434286266565323 0.08552262932062149
0 0.48284747637808323 0.4920637682080269 0.062038470059633255 0.1434735208749771
0 0.41407178714871407 0.454016599804163 0.050400473177433014 0.11073858290910721
0 0.5722453240305185 0.45652465894818306 0.05094509199261665 0.10591981559991837
0 0.37919257301837206 0.45977822318673134 0.029135489836335182 0.07128889113664627
0 0.3637359859421849 0.41503498144447803 0.015633011236786842 0.04260766878724098
0 0.5795706752687693 0.43055786192417145 0.03786974027752876 0.07880380749702454
0 0.566141152754426 0.4128710776567459 0.03733711317181587 0.07321760058403015
