0 0.7383398786187172 0.6629591584205627 0.06318517029285431 0.18261981010437012
0 0.017089606502850074 0.5697653517127037 0.034031953662633896 0.14155052602291107
0 0.8907135501503944 0.6976335793733597 0.07033415138721466 0.18545129895210266
0 0.7522372845560312 0.598577968776226 0.05734853819012642 0.13865958154201508
0 0.20000547729432583 0.6661495566368103 0.060790013521909714 0.1661841869354248
0 0.28783357702195644 0.6191385239362717 0.037711452692747116 0.16397544741630554
0 0.9573092088103294 0.7137622758746147 0.083849236369133 0.16286633908748627
0 0.18867062591016293 0.567443247884512 0.03908277675509453 0.1075749322772026
0 0.5396259305998683 0.5169196203351021 0.0302566047757864 0.11236496269702911
0 0.3208252377808094 0.5357125699520111 0.03247807174921036 0.12601971626281738
0 0.40700703859329224 0.44912227243185043 0.038309574127197266 0.08855663239955902
0 0.573632562533021 0.4568408541381359 0.03703336790204048 0.076776884496212
0 0.23851447738707066 0.5934978276491165 0.04670887067914009 0.13855281472206116
0 0.49588294699788094 0.4941714331507683 0.039327241480350494 0.11969541013240814
0 0.9662760011851788 0.6713608428835869 0.06744804233312607 0.1475076526403427
0 0.4724649013951421 0.5051623806357384 0.028610611334443092 0.08515845239162445
0 0.29366493225097656 0.5112248994410038 0.02403116226196289 0.04928440600633621
0 0.44359729904681444 0.48054196313023567 0.030783796682953835 0.12026307731866837
0 0.5357295982539654 0.44854189455509186 0.04194631427526474 0.07950040698051453
0 0.22737776674330235 0.528266791254282 0.0279725082218647 0.0894700363278389
0 0.45904384832829237 0.4499249029904604 0.018183087930083275 0.04102155938744545
0 0.2899051904678345 0.5531943440437317 0.03938782215118408 0.06990563869476318
0 0.4835555078461766 0.45196639373898506 0.0191511157900095 0.038712479174137115
0 0.5544751165434718 0.44293258897960186 0.02955183945596218 0.04710206016898155
0 0.2923665763810277 0.49172545969486237 0.022372746840119362 0.06501176953315735
