0 0.42245209217071533 0.6510812416672707 0.05001986026763916 0.21038754284381866
0 0.7648368589580059 0.8457253873348236 0.10592212527990341 0.30407923460006714
0 0.6881675720214844 0.8284380286931992 0.08783292770385742 0.3362288177013397
0 0.28176043555140495 0.6168491095304489 0.042269013822078705 0.21586760878562927
0 0.5941113345324993 0.43840745091438293 0.03523363918066025 0.18277114629745483
0 0.6551618818193674 0.3746873214840889 0.031905461102724075 0.08723701536655426
0 0.5489126816391945 0.899745874106884 0.06945271790027618 0.2004990428686142
0 0.1399140190333128 0.4182931073009968 0.04370785877108574 0.10793749243021011
0 0.23213914036750793 0.48190636187791824 0.04605698585510254 0.2015107423067093
0 0.25906856916844845 0.3597261421382427 0.03800971433520317 0.07238485664129257
0 0.7120130062103271 0.35365305840969086 0.03208780288696289 0.07642439007759094
0 0.062414685264229774 0.371556356549263 0.03964229300618172 0.07467225193977356
0 0.10191439371556044 0.36738714948296547 0.03098655305802822 0.0725715234875679
0 0.2146706460043788 0.37171756476163864 0.02308795414865017 0.07798390090465546
0 0.25493063405156136 0.40928095020353794 0.03546891361474991 0.056837547570466995
0 0.12376722414046526 0.3819496687501669 0.02299335040152073 0.037744056433439255
