0 0.03370907250791788 0.6874429732561111 0.0537799708545208 0.19912567734718323
0 0.7132350206375122 0.6357031613588333 0.08640146255493164 0.23246994614601135
0 0.09333329647779465 0.5945243835449219 0.03284570574760437 0.14841151237487793
0 0.20005812123417854 0.6356493234634399 0.04590878635644913 0.1609489917755127
0 0.8967791683971882 0.7577630802989006 0.11235389858484268 0.2348298877477646
0 0.9507805481553078 0.7645890489220619 0.09843893349170685 0.21758206188678741
0 0.2572816554456949 0.5329136773943901 0.041780877858400345 0.1302652209997177
0 0.1371310818940401 0.5944312214851379 0.04058675840497017 0.20953631401062012
0 0.21431618370115757 0.5145217701792717 0.042199838906526566 0.10101424157619476
0 0.535321582108736 0.46702855080366135 0.05318818241357803 0.11478076875209808
0 0.519622290506959 0.5227052569389343 0.05124645307660103 0.11086142063140869
0 0.3388646598905325 0.4573454037308693 0.04084975644946098 0.0839013010263443
0 0.9617849960923195 0.6918769255280495 0.07643003761768341 0.13663847744464874
0 0.4461505524814129 0.4973689876496792 0.04268946498632431 0.08416032046079636
0 0.3784851673990488 0.4629349261522293 0.031148124486207962 0.08365300297737122
0 0.4959824923425913 0.4448145963251591 0.030982065945863724 0.10950732976198196
0 0.41901202872395515 0.5008894726634026 0.033602334558963776 0.0730476826429367
0 0.40657885652035475 0.5082597881555557 0.02424035035073757 0.06537768244743347
0 0.42814190965145826 0.49649010226130486 0.02933487854897976 0.0835082158446312
0 0.5095374472439289 0.49065001308918 0.05355725437402725 0.15461620688438416
0 0.39804856199771166 0.4623224064707756 0.017945433035492897 0.06672744452953339
0 0.4254183527082205 0.4495374746620655 0.023756932467222214 0.03955201059579849
