0 0.5637849681079388 0.7575725615024567 0.08437337726354599 0.26300209760665894
0 0.8029274940490723 0.6978926286101341 0.0968618392944336 0.19510094821453094
0 0.43736256286501884 0.6030409932136536 0.06072487682104111 0.17566871643066406
0 0.1545732319355011 0.41138164326548576 0.048958778381347656 0.0788085088133812
0 0.20778723433613777 0.4076617397367954 0.042270220816135406 0.07559467107057571
0 0.6025108806788921 0.5077088959515095 0.04034867137670517 0.08845964819192886
0 0.3962843120098114 0.48588334023952484 0.047739386558532715 0.09428074955940247
0 0.9826120622456074 0.7233938872814178 0.034775830805301666 0.09413117170333862
0 0.6206517340615392 0.3992306049913168 0.0261091236025095 0.061797332018613815
0 0.33551665022969246 0.434485599398613 0.06371674686670303 0.12805476784706116
0 0.5543525461107492 0.4291743338108063 0.0369146354496479 0.07780516147613525
0 0.2893438581377268 0.4165601097047329 0.04280524328351021 0.08221834152936935
0 0.5788840297609568 0.4161017872393131 0.03728656843304634 0.08299297839403152
0 0.4261993058025837 0.4412103220820427 0.041051484644412994 0.08231739699840546
0 0.5895585417747498 0.3788877073675394 0.026203632354736328 0.05967693403363228
0 0.5941805960610509 0.4005453400313854 0.02599778212606907 0.04743614047765732
0 0.5586281893774867 0.44840795174241066 0.02836022339761257 0.059853024780750275
