0 0.3290244098752737 0.6670120805501938 0.04323167726397514 0.21433088183403015
0 0.5190116055309772 0.6574103385210037 0.07297763973474503 0.19706466794013977
0 0.7121545299887657 0.9232898876070976 0.06295304000377655 0.15200339257717133
0 0.5776640772819519 0.4843618683516979 0.04102301597595215 0.11645444482564926
0 0.1746986173093319 0.4312575198709965 0.05369057506322861 0.11629719287157059
0 0.8045472279191017 0.8547069281339645 0.10761947929859161 0.28778788447380066
0 0.8756963759660721 0.856544092297554 0.12631741166114807 0.2781814634799957
0 0.271923566237092 0.5369401276111603 0.043718982487916946 0.15205442905426025
0 0.07311894372105598 0.39026734232902527 0.04560563713312149 0.08905601501464844
0 0.5634583234786987 0.3969038128852844 0.03202390670776367 0.07556021213531494
0 0.6685566660016775 0.3678903244435787 0.03132433816790581 0.07848190516233444
0 0.620451807975769 0.382145531475544 0.03418231010437012 0.0714307576417923
0 0.11615872755646706 0.37527215480804443 0.04105409234762192 0.061652183532714844
0 0.21540606953203678 0.379972355440259 0.0327560193836689 0.05041268840432167
0 0.26576233468949795 0.44841427356004715 0.04140479490160942 0.11176545917987823
0 0.2727320250123739 0.3861923087388277 0.03729207441210747 0.05102149024605751
0 0.29820048809051514 0.4150943495333195 0.029138684272766113 0.04475576430559158
