0 0.8433838970959187 0.7691201791167259 0.10727844387292862 0.24790649116039276
0 0.2653766758739948 0.4571491740643978 0.055474258959293365 0.08095376938581467
0 0.07280063256621361 0.6375775784254074 0.05495532602071762 0.16796645522117615
0 0.4950155261904001 0.5097450539469719 0.04695587232708931 0.09029082953929901
0 0.9383491985499859 0.7834958732128143 0.11809339374303818 0.23654979467391968
0 0.6566363945603371 0.6609814688563347 0.07075472176074982 0.17738328874111176
0 0.14402760937809944 0.5101284049451351 0.040437184274196625 0.11276524513959885
0 0.33038035593926907 0.4442961812019348 0.0371367447078228 0.07077628374099731
0 0.9580338709056377 0.714539185166359 0.0839323028922081 0.16946831345558167
0 0.655730688944459 0.5778379030525684 0.05826311185956001 0.11421958357095718
0 0.09569817967712879 0.5078477337956429 0.05234985426068306 0.09123225510120392
0 0.3631437364965677 0.4531002566218376 0.027620602399110794 0.0736297219991684
0 0.02360401675105095 0.5997184813022614 0.0472080335021019 0.16398519277572632
0 0.5316769480705261 0.46979913860559464 0.04385089874267578 0.10613687336444855
0 0.39883374609053135 0.4887751340866089 0.029621053487062454 0.07541406154632568
0 0.5005571246147156 0.44572933204472065 0.026307106018066406 0.06159261241555214
0 0.4303910555317998 0.47709118016064167 0.028844499960541725 0.06192610040307045
0 0.458108926191926 0.4657827690243721 0.021545935422182083 0.07592006027698517
0 0.026697818655520678 0.552867516875267 0.03861339017748833 0.11705288290977478
0 0.45864070672541857 0.4913664385676384 0.0197922233492136 0.049037083983421326
0 0.04105478711426258 0.5619809776544571 0.04165322333574295 0.08826497197151184
