0 0.01666817386285402 0.7164310365915298 0.0329604297876358 0.1538567841053009
0 0.11635875329375267 0.5869553759694099 0.0396917387843132 0.19684506952762604
0 0.705256175249815 0.646949827671051 0.08746399730443954 0.23480665683746338
0 0.24112778529524803 0.532930538058281 0.04477979987859726 0.11616495251655579
0 0.07647319696843624 0.5926250740885735 0.03393165394663811 0.14564035832881927
0 0.17905479669570923 0.6282187774777412 0.04481750726699829 0.1566399484872818
0 0.32323242351412773 0.4529673494398594 0.03492309898138046 0.08042097836732864
0 0.8861618265509605 0.7513128370046616 0.10091142356395721 0.21290156245231628
0 0.5066951159387827 0.5301693230867386 0.0474272258579731 0.11413785815238953
0 0.1938115358352661 0.510822705924511 0.03575301170349121 0.09941749274730682
0 0.9566983208060265 0.6871507167816162 0.0843389481306076 0.11465835571289062
0 0.36911951284855604 0.45873376354575157 0.030790900811553 0.06313662976026535
0 0.9514663107693195 0.7651673406362534 0.09421835094690323 0.2118823230266571
0 0.3995749233290553 0.5002449378371239 0.0281128641217947 0.06896506249904633
0 0.5300613641738892 0.4716453365981579 0.0407102108001709 0.0978403314948082
0 0.4316413514316082 0.49395109713077545 0.05244865268468857 0.10499975085258484
0 0.49928902462124825 0.44433196261525154 0.049361564218997955 0.08736322075128555
0 0.3958410620689392 0.4789928011596203 0.0305405855178833 0.08426292985677719
