0 0.736058484762907 0.6656737625598907 0.06024184077978134 0.17228597402572632
0 0.176848616451025 0.6520111784338951 0.053160928189754486 0.180683895945549
0 0.27754224464297295 0.6269378960132599 0.03715648502111435 0.169400155544281
0 0.008647944202493818 0.5795480348169804 0.017295248806476593 0.10636622458696365
0 0.8980034478008747 0.7128268182277679 0.07221708446741104 0.2035556435585022
0 0.7455331794917583 0.5737544819712639 0.0549711212515831 0.10408817231655121
0 0.39738159254193306 0.4488552622497082 0.03483269363641739 0.08416815847158432
0 0.9584784507751465 0.7247050777077675 0.0820302963256836 0.1832478791475296
0 0.22902820445597172 0.6035798788070679 0.048461008816957474 0.16142964363098145
0 0.17847550846636295 0.5669380240142345 0.03195493295788765 0.11059065908193588
0 0.5387317650020123 0.5131535083055496 0.03313746303319931 0.09883096814155579
0 0.2920436505228281 0.5132074244320393 0.032613564282655716 0.09683672338724136
0 0.31633063592016697 0.5213062204420567 0.029729891568422318 0.10199559479951859
0 0.570112120360136 0.4570748545229435 0.040300749242305756 0.07703281193971634
0 0.4876915570348501 0.48856159299612045 0.03345365449786186 0.10474692285060883
0 0.970260500907898 0.6579048223793507 0.059090614318847656 0.11398247629404068
0 0.43976373039186 0.4992114529013634 0.023140620440244675 0.06961767375469208
0 0.46252515353262424 0.4925067760050297 0.036153364926576614 0.12463963776826859
0 0.2173017207533121 0.5347526855766773 0.02635638788342476 0.08964500576257706
0 0.43878493271768093 0.47030604630708694 0.02260560914874077 0.06738467514514923
0 0.5505605340003967 0.4420698247849941 0.030013084411621094 0.05102115124464035
0 0.5353200435638428 0.4455155171453953 0.045475006103515625 0.0705268457531929
0 0.7395999804139137 0.6088284589350224 0.06421108543872833 0.08524424582719803
0 0.9424161072820425 0.6417047418653965 0.0513431541621685 0.08160222321748734
0 0.4270699378103018 0.4408570006489754 0.020838450640439987 0.05099381506443024
