0 0.6684938184916973 0.7794253826141357 0.10697975009679794 0.2658730745315552
0 0.877601969987154 0.7369297668337822 0.09840879589319229 0.22789357602596283
0 0.5163340494036674 0.6136182472109795 0.06910543143749237 0.1523059457540512
0 0.25333254039287567 0.4236365668475628 0.03694009780883789 0.07386978715658188
0 0.6228708866983652 0.5458576381206512 0.04618387296795845 0.13027423620224
0 0.19572003558278084 0.42465832084417343 0.03927568346261978 0.09540502727031708
0 0.3251500241458416 0.44773436337709427 0.03942670673131943 0.10400958359241486
0 0.5649088509380817 0.4613121263682842 0.05187878757715225 0.10667236894369125
0 0.9890708085149527 0.7110041230916977 0.02185840532183647 0.09449848532676697
0 0.45374674163758755 0.5068038068711758 0.05727214738726616 0.11162083595991135
0 0.38649922609329224 0.4521404393017292 0.05281543731689453 0.11292008310556412
0 0.6058112382888794 0.42931422777473927 0.02097797393798828 0.05692041292786598
0 0.35576480627059937 0.4255824275314808 0.033037662506103516 0.08740989118814468
0 0.5755665302276611 0.4130064304918051 0.033773183822631836 0.056388091295957565
0 0.4518125709146261 0.4480687342584133 0.037587594240903854 0.07612436264753342
0 0.5658008344471455 0.42078796215355396 0.04124436527490616 0.04672694578766823
0 0.3581020589917898 0.45147138461470604 0.023622941225767136 0.06327205151319504
0 0.5721782930195332 0.3912458699196577 0.038393355906009674 0.06000005826354027
