0 0.7689379341900349 0.7548236176371574 0.11407957226037979 0.2179945558309555
0 0.5857218280434608 0.6486300826072693 0.06974883377552032 0.17102491855621338
0 0.9190342202782631 0.7669980302453041 0.09717054665088654 0.2434818297624588
0 0.6523699406534433 0.5718102976679802 0.058405209332704544 0.134827122092247
0 0.9754897709935904 0.7071323171257973 0.04902048036456108 0.1331544667482376
0 0.23550106026232243 0.44425660371780396 0.03980152681469917 0.08996450901031494
0 0.489901190623641 0.490109384059906 0.0602535717189312 0.1405646800994873
0 0.04753773286938667 0.4947036989033222 0.05463530868291855 0.12112931162118912
0 0.4192237611860037 0.4567866660654545 0.04854113981127739 0.09605640918016434
0 0.013210204429924488 0.5033333636820316 0.026420408859848976 0.0790676549077034
0 0.38082835637032986 0.44919582828879356 0.03910047933459282 0.09713321179151535
0 0.34901435300707817 0.447889257222414 0.03326394408941269 0.0881643071770668
0 0.5637505762279034 0.4559776932001114 0.04167594760656357 0.08581402897834778
0 0.2887512091547251 0.43170495331287384 0.038938093930482864 0.06759020686149597
0 0.575523067265749 0.4350815564393997 0.03205905109643936 0.07806697487831116
