0 0.3440718948841095 0.6734374389052391 0.048111915588378906 0.22392790019512177
0 0.5452470071613789 0.6640176102519035 0.08075246959924698 0.19661317765712738
0 0.7505656108260155 0.9353218227624893 0.06597428023815155 0.1293562948703766
0 0.2786388583481312 0.535948358476162 0.04319975525140762 0.14917568862438202
0 0.18238280154764652 0.4303639568388462 0.055305708199739456 0.11149991303682327
0 0.6578802950680256 0.37007228657603264 0.03206381946802139 0.08323868364095688
0 0.8860358819365501 0.8542139306664467 0.1188538521528244 0.24905963242053986
0 0.8384290114045143 0.8663962781429291 0.12755389511585236 0.26578277349472046
0 0.07269155606627464 0.3890768103301525 0.03961712867021561 0.08744915574789047
0 0.22020181082189083 0.38542197458446026 0.041757892817258835 0.06033846363425255
0 0.11913558468222618 0.37726505659520626 0.0375959649682045 0.05630592629313469
0 0.5593198295682669 0.3961104787886143 0.033252667635679245 0.07517284899950027
0 0.575614845380187 0.46290259063243866 0.03794355317950249 0.08333256840705872
0 0.30939869210124016 0.41124145314097404 0.04405464977025986 0.06470396369695663
0 0.2743826024234295 0.453442245721817 0.04121579974889755 0.10889434814453125
0 0.6159217711538076 0.3959175031632185 0.030054759234189987 0.04999661073088646
0 0.26599609293043613 0.3763826936483383 0.03962092474102974 0.07204964756965637
0 0.6054630042053759 0.36086289770901203 0.014383030124008656 0.032429251819849014
