0 0.10908688046038151 0.6787585839629173 0.05385645106434822 0.19820217788219452
0 0.7329882271587849 0.651270791888237 0.0762699618935585 0.24093255400657654
0 0.9037113897502422 0.7266020476818085 0.07816781848669052 0.20555466413497925
0 0.5275185350328684 0.5218705050647259 0.03989152982831001 0.10207434743642807
0 0.24117912352085114 0.6125874742865562 0.04085266590118408 0.15578727424144745
0 0.9580806009471416 0.739105612039566 0.08383884280920029 0.18305295705795288
0 0.1372879482805729 0.579536072909832 0.03193344920873642 0.12848125398159027
0 0.2967968285083771 0.5368098318576813 0.03559708595275879 0.13269644975662231
0 0.25683663226664066 0.5197823122143745 0.027338076382875443 0.06754608452320099
0 0.5512414686381817 0.4625158980488777 0.0476926788687706 0.08291049301624298
0 0.46998282708227634 0.507868330925703 0.03296856954693794 0.07783737033605576
0 0.18788472935557365 0.5920998528599739 0.03907700628042221 0.13472379744052887
0 0.37208821810781956 0.44473041594028473 0.0362732894718647 0.0722896158695221
0 0.4234308060258627 0.5022452995181084 0.023858021944761276 0.07568202912807465
0 0.9786810167133808 0.6764392741024494 0.04263792186975479 0.10245034843683243
0 0.44901256542652845 0.5063649341464043 0.024942969903349876 0.08131252229213715
0 0.5137231824919581 0.4461341127753258 0.02475104294717312 0.07208137214183807
0 0.40356857143342495 0.4465202633291483 0.03677697107195854 0.054293442517519
0 0.2441229522228241 0.4758305214345455 0.01489412784576416 0.03386514633893967
0 0.5365156410261989 0.44035596773028374 0.024651145562529564 0.0416574701666832
0 0.18148877657949924 0.5263503268361092 0.028417516499757767 0.08325089514255524
0 0.44652295112609863 0.44997501373291016 0.02501201629638672 0.03826171159744263
0 0.9400959014892578 0.6571089066565037 0.0517425537109375 0.07633662968873978
