0 0.4377587325870991 0.5183870792388916 0.0488191619515419 0.15225529670715332
0 0.3273320384323597 0.6554741114377975 0.07660887390375137 0.20624491572380066
0 0.5468117482960224 0.747344046831131 0.04782304912805557 0.4502405524253845
0 0.5983626134693623 0.6082403287291527 0.03723035007715225 0.19729118049144745
0 0.805865217000246 0.44387029856443405 0.03329763561487198 0.0978911966085434
0 0.35709881223738194 0.45776142179965973 0.0611145980656147 0.16038182377815247
0 0.7976741306483746 0.3478519879281521 0.03568758815526962 0.0687667652964592
0 0.38786968030035496 0.32253898307681084 0.025754977017641068 0.07934417575597763
0 0.1636114865541458 0.3269362077116966 0.0283624529838562 0.07193510234355927
0 0.22190874814987183 0.3431960605084896 0.025043368339538574 0.0745193287730217
0 0.8937959792092443 0.376679427921772 0.026730919256806374 0.05969102680683136
0 0.9733369592577219 0.3599484749138355 0.03037576749920845 0.06510380655527115
0 0.3602325199171901 0.32720809802412987 0.01603875122964382 0.0753064677119255
0 0.9363239053636789 0.3631381243467331 0.03990917280316353 0.08574756979942322
0 0.1842150865122676 0.32358619570732117 0.026936983689665794 0.06575936079025269
0 0.29115912318229675 0.35826756060123444 0.032587647438049316 0.07126310467720032
0 0.8861874341964722 0.3358932863920927 0.01526641845703125 0.035996224731206894
0 0.9605649709701538 0.32006881292909384 0.015545845031738281 0.031213654205203056
