0 0.6466891765594482 0.6722515597939491 0.08827018737792969 0.18517620861530304
0 0.8260884992778301 0.7430120781064034 0.10161104053258896 0.1964348703622818
0 0.9393968097865582 0.7576007321476936 0.1084689125418663 0.19746030867099762
0 0.03700670477701351 0.6214596182107925 0.0737449899315834 0.20487895607948303
0 0.26022027991712093 0.44843320921063423 0.04563290998339653 0.09215418249368668
0 0.9667088277637959 0.7017031535506248 0.06658229976892471 0.1485031098127365
0 0.06805499456822872 0.4933893196284771 0.049512166529893875 0.09829970449209213
0 0.1261380184441805 0.5060099326074123 0.051712919026613235 0.11455272883176804
0 0.6570210102945566 0.5745799653232098 0.049892473965883255 0.12104453891515732
0 0.3646466610953212 0.463870394974947 0.030383920297026634 0.10090438276529312
0 0.40129622258245945 0.47005748003721237 0.04416363313794136 0.09977565705776215
0 0.5015699751675129 0.5076395757496357 0.04914508014917374 0.09400901943445206
0 0.4320692904293537 0.46317675709724426 0.041010238230228424 0.09314095973968506
0 0.550807248800993 0.4512828513979912 0.04357495158910751 0.08594588935375214
0 0.31974312104284763 0.4421558044850826 0.03903203085064888 0.07869546860456467
0 0.5201395750045776 0.43923620879650116 0.023351669311523438 0.08145442605018616
0 0.4788597170263529 0.480376647785306 0.02999429777264595 0.057260725647211075
0 0.013783869668259285 0.5433354713022709 0.027510058134794235 0.05021078139543533
0 0.47262238897383213 0.464762557297945 0.020781803876161575 0.0756625309586525
