0 0.7375568747520447 0.665051631629467 0.05813789367675781 0.17245016992092133
0 0.8997268080711365 0.7252904549241066 0.08030557632446289 0.214213564991951
0 0.7416927572339773 0.5733239874243736 0.05551857873797417 0.10481910407543182
0 0.16266952082514763 0.6522021442651749 0.05271711200475693 0.17714491486549377
0 0.958558164536953 0.7243332862854004 0.08288364112377167 0.18054461479187012
0 0.3934445194900036 0.45557163655757904 0.037589214742183685 0.08653721213340759
0 0.21996884606778622 0.5876254588365555 0.049212824553251266 0.19832941889762878
0 0.2694456521421671 0.6281724944710732 0.0374789722263813 0.16184981167316437
0 0.46056672371923923 0.4963032752275467 0.034265805035829544 0.12399241328239441
0 0.4357761740684509 0.48657143488526344 0.023784637451171875 0.09007877856492996
0 0.5371428728103638 0.5080080591142178 0.0355982780456543 0.10195588320493698
0 0.9724962823092937 0.664704468101263 0.05464639514684677 0.12380366772413254
0 0.48370426893234253 0.48848435655236244 0.03399538993835449 0.11564356833696365
0 0.28305426239967346 0.5174867510795593 0.03005695343017578 0.110027015209198
0 0.1702922098338604 0.5723936967551708 0.033802829682826996 0.11686261743307114
0 0.31034451723098755 0.5282289423048496 0.03287827968597412 0.06529689580202103
0 0.5654269941151142 0.4578828439116478 0.04838690906763077 0.07824330031871796
0 0.5243659736588597 0.4349866732954979 0.028719330206513405 0.09708409011363983
0 0.5504625085741282 0.4427508842200041 0.029158879071474075 0.04935845360159874
0 0.9480809215456247 0.6475825570523739 0.059555817395448685 0.09012561291456223
