0 0.5483034364879131 0.7482870817184448 0.07342591136693954 0.2555142641067505
0 0.7911990657448769 0.6944862455129623 0.0911845713853836 0.19252976775169373
0 0.4295124039053917 0.6040941178798676 0.0643574446439743 0.17368155717849731
0 0.15029191970825195 0.41216132417321205 0.04896855354309082 0.07795346528291702
0 0.60076904296875 0.5227347612380981 0.0396113395690918 0.11538475751876831
0 0.9816755540668964 0.7288937829434872 0.03664884716272354 0.10819774121046066
0 0.5541736595332623 0.42438698932528496 0.03818931430578232 0.0723060593008995
0 0.20267994329333305 0.40456871688365936 0.039015911519527435 0.07311871647834778
0 0.3919377513229847 0.4839279092848301 0.04882381111383438 0.09379298239946365
0 0.4210414346307516 0.43624285981059074 0.041504573076963425 0.07486601918935776
0 0.6208698153495789 0.4001304842531681 0.025655031204223633 0.06252200156450272
0 0.32749301940202713 0.45499497279524803 0.06525547802448273 0.11070399731397629
0 0.5786063559353352 0.40260808914899826 0.03250465542078018 0.05457852780818939
0 0.2847960591316223 0.41734564676880836 0.037180304527282715 0.08826930075883865
0 0.5932492017745972 0.3848552294075489 0.028652667999267578 0.06386271864175797
0 0.3186156749725342 0.38918360136449337 0.014260530471801758 0.034954410046339035
