0 0.3822868522256613 0.8396368771791458 0.06246371194720268 0.31929245591163635
0 0.28608353808522224 0.5462138652801514 0.042462803423404694 0.178206205368042
0 0.36085714027285576 0.5857208520174026 0.040403030812740326 0.18269386887550354
0 0.661454176530242 0.7277977615594864 0.051788996905088425 0.2634430229663849
0 0.7415810823440552 0.3743532635271549 0.02945852279663086 0.09357304126024246
0 0.5982060544192791 0.72846320271492 0.06318487972021103 0.2976757884025574
0 0.6713153962045908 0.4538751430809498 0.027525711804628372 0.1229454055428505
0 0.7550358176231384 0.9429354406893253 0.04091811180114746 0.11412913352251053
0 0.16139550507068634 0.38772157952189445 0.02670454978942871 0.06986620277166367
0 0.2994941174983978 0.34639930725097656 0.029013991355895996 0.08354884386062622
0 0.09106465801596642 0.34881261736154556 0.037099309265613556 0.07645191252231598
0 0.2549749854952097 0.452867716550827 0.028911877423524857 0.14587563276290894
0 0.2363989409059286 0.3899315148591995 0.031642865389585495 0.08729216456413269
0 0.6708786245435476 0.3695784956216812 0.026552151888608932 0.07555249333381653
0 0.26170654874294996 0.34728460013866425 0.019643520936369896 0.07557722926139832
0 0.12343982048332691 0.34057313576340675 0.02877258136868477 0.06684280186891556
0 0.7916376711800694 0.3606672342866659 0.029971743002533913 0.053616713732481
0 0.8039945848286152 0.348811823874712 0.04523048549890518 0.07487449795007706
0 0.13477741554379463 0.3519515413790941 0.03796122223138809 0.04997289553284645
0 0.6703484058380127 0.40720226615667343 0.026490449905395508 0.10556517541408539
