0 0.6034572347998619 0.7302521616220474 0.07769851386547089 0.2138461172580719
0 0.8440911062061787 0.7268235683441162 0.11443028599023819 0.21763229370117188
0 0.6131952162832022 0.5425855815410614 0.048221539705991745 0.13322550058364868
0 0.4668221827596426 0.6107500568032265 0.057828139513731 0.17940516769886017
0 0.2294057421386242 0.4130469933152199 0.04222860187292099 0.06559176743030548
0 0.41956694051623344 0.4809424802660942 0.04740931838750839 0.08365766704082489
0 0.1769055239856243 0.4226914905011654 0.04980691522359848 0.09020280092954636
0 0.43896982073783875 0.4405418522655964 0.0301363468170166 0.0773104801774025
0 0.30460863187909126 0.4229298457503319 0.037653304636478424 0.08361189067363739
0 0.9880925295874476 0.6989796794950962 0.023813819512724876 0.06777072697877884
0 0.5582653768360615 0.440023697912693 0.03855333477258682 0.0779816061258316
0 0.3555809073150158 0.45199619978666306 0.058763764798641205 0.10674069821834564
0 0.6159164551645517 0.4119715392589569 0.027059603482484818 0.07064980268478394
0 0.579951535910368 0.40548582561314106 0.03396549075841904 0.05611250177025795
