0 0.32229314371943474 0.7064547687768936 0.07680442184209824 0.24187007546424866
0 0.4043950978666544 0.5286986529827118 0.050127316266298294 0.15257924795150757
0 0.6122726444154978 0.6237267032265663 0.04182033613324165 0.18309517204761505
0 0.5561250932514668 0.6677276641130447 0.05110535770654678 0.26555243134498596
0 0.329573143273592 0.46483244001865387 0.04737100750207901 0.1283530294895172
0 0.7558518052101135 0.3590465523302555 0.03307080268859863 0.08684677630662918
0 0.3281250176951289 0.3333522155880928 0.019803142175078392 0.0748760849237442
0 0.26868132315576077 0.3745422959327698 0.0336727611720562 0.09300708770751953
0 0.8413676731288433 0.36950942873954773 0.03641023486852646 0.09565412998199463
0 0.7624518992379308 0.4405064582824707 0.028112078085541725 0.08529090881347656
0 0.1999948974698782 0.3589095436036587 0.025976847857236862 0.08967035263776779
0 0.3572944160550833 0.3368271291255951 0.022323202341794968 0.058114051818847656
0 0.3060917556285858 0.41546498984098434 0.026598334312438965 0.06120215356349945
0 0.9148445837199688 0.36041242629289627 0.03338327258825302 0.05363805592060089
0 0.8846575738862157 0.3522954061627388 0.030296707525849342 0.06148900091648102
0 0.6008844375610352 0.8690791726112366 0.05083179473876953 0.26179826259613037
0 0.162480428814888 0.3192423712462187 0.025986969470977783 0.049017395824193954
0 0.3128656684421003 0.37468327954411507 0.013881969265639782 0.03423593193292618
