0 0.021152054890990257 0.7000664919614792 0.042304109781980515 0.20615145564079285
0 0.1852622926235199 0.6238143965601921 0.045389413833618164 0.14624689519405365
0 0.32846998050808907 0.45031236857175827 0.034693337976932526 0.07814322412014008
0 0.08124933391809464 0.5938597247004509 0.03149157762527466 0.14573071897029877
0 0.8909981027245522 0.7531983330845833 0.10717697441577911 0.2202679067850113
0 0.6943867430090904 0.5847940891981125 0.06357888877391815 0.11969587206840515
0 0.5301729198545218 0.46649419516324997 0.04392189905047417 0.10160671174526215
0 0.5173621121793985 0.5287871435284615 0.06218700483441353 0.12141723930835724
0 0.24574066139757633 0.5319700129330158 0.04231398180127144 0.12143579870462418
0 0.9500293843448162 0.7645859271287918 0.09970035403966904 0.21416273713111877
0 0.12308140471577644 0.5875686556100845 0.040167249739170074 0.19718018174171448
0 0.7170418985188007 0.6711544692516327 0.06791696697473526 0.15509945154190063
0 0.40190332010388374 0.49099981039762497 0.03221914917230606 0.11454908549785614
0 0.37131052650511265 0.46460405364632607 0.02977614477276802 0.07950855046510696
0 0.49251874070614576 0.44623729959130287 0.031078195199370384 0.1139369085431099
0 0.9586482048034668 0.6915848925709724 0.08100032806396484 0.12590362131595612
0 0.20047209784388542 0.5099834576249123 0.038190923631191254 0.09362687170505524
0 0.44678190909326077 0.5049346908926964 0.029977750033140182 0.08128492534160614
0 0.42180262226611376 0.4949835129082203 0.030856991186738014 0.07732836157083511
