0 0.3384833689779043 0.6769793704152107 0.04384870454668999 0.23194898664951324
0 0.541297160089016 0.6502655670046806 0.08328656852245331 0.17459534108638763
0 0.27712568640708923 0.537127710878849 0.043372273445129395 0.15326465666294098
0 0.8310182467103004 0.8636979758739471 0.12440820038318634 0.2708650231361389
0 0.7444364428520203 0.9329067915678024 0.06891155242919922 0.13418647646903992
0 0.8808995485305786 0.8508630096912384 0.11503124237060547 0.26087433099746704
0 0.6163440831005573 0.3832487128674984 0.03288445621728897 0.07118218392133713
0 0.6605020761489868 0.3665943294763565 0.03295707702636719 0.07966944575309753
0 0.1812356896698475 0.4272975064814091 0.05750248581171036 0.10557276755571365
0 0.21862072870135307 0.39075829461216927 0.04120441526174545 0.0716991201043129
0 0.07259616255760193 0.38494791463017464 0.0402195081114769 0.08179376274347305
0 0.3057435695081949 0.41109978035092354 0.04096489027142525 0.06605491787195206
0 0.26662800647318363 0.3766382075846195 0.038402605801820755 0.07343936711549759
0 0.5589649435132742 0.39741358533501625 0.03635687753558159 0.07869572192430496
0 0.11728225089609623 0.37510845623910427 0.03410046175122261 0.057061683386564255
0 0.5764165408909321 0.4779174253344536 0.04165158420801163 0.11485938727855682
0 0.27451105788350105 0.4509610068053007 0.034472085535526276 0.058301713317632675
0 0.27026004157960415 0.43311843648552895 0.04334909841418266 0.07563764601945877
0 0.27835032902657986 0.4712137058377266 0.039220284670591354 0.06345231831073761
0 0.26649488881230354 0.41032481379806995 0.03749225288629532 0.04844767227768898
0 0.2703894320875406 0.3959191385656595 0.04067437723278999 0.05846290662884712
