0 0.3280497305095196 0.645066574215889 0.0754111036658287 0.19776132702827454
0 0.44101611338555813 0.5186025351285934 0.04891176149249077 0.15320035815238953
0 0.8105836398899555 0.44504400715231895 0.034194327890872955 0.09905289858579636
0 0.5458109974861145 0.7527864128351212 0.051268577575683594 0.4778797924518585
0 0.36826305463910103 0.46444152295589447 0.050742365419864655 0.1416170299053192
0 0.5974076502025127 0.6000991016626358 0.03693237155675888 0.1927495300769806
0 0.8025131337344646 0.3483564257621765 0.0344785675406456 0.06801891326904297
0 0.8978931782767177 0.36521660536527634 0.030186748132109642 0.09016303718090057
0 0.22443824727088213 0.34586725756525993 0.025826478376984596 0.0765400156378746
0 0.390169364400208 0.32280026376247406 0.024805212393403053 0.07924351096153259
0 0.3639015080407262 0.3290729820728302 0.017726803198456764 0.07961845397949219
0 0.34361317194998264 0.40113868191838264 0.02861623838543892 0.0768839493393898
0 0.17666449770331383 0.32523494958877563 0.0474182590842247 0.06946122646331787
0 0.29317086935043335 0.3597330003976822 0.03313732147216797 0.07660529017448425
0 0.9398475643247366 0.36079351231455803 0.03762073442339897 0.07985278218984604
0 0.9780482295900583 0.3624766729772091 0.031662750989198685 0.06463932245969772
0 0.9665139792487025 0.321985624730587 0.015189265832304955 0.031192228198051453
0 0.5510090352036059 0.5477510392665863 0.015366745181381702 0.07117873430252075
