0 0.037092575803399086 0.560322031378746 0.03393010422587395 0.13178321719169617
0 0.8803495988249779 0.7123006135225296 0.06674794852733612 0.2076452076435089
0 0.7352961786091328 0.6620896011590958 0.056533195078372955 0.18994572758674622
0 0.7559119239449501 0.5999714732170105 0.06348319351673126 0.13773095607757568
0 0.22509750351309776 0.6467257887125015 0.05918886512517929 0.16793420910835266
0 0.9554641135036945 0.7302898615598679 0.08588133007287979 0.20013245940208435
0 0.5830501802265644 0.47477731481194496 0.039597369730472565 0.09060651808977127
0 0.41657030023634434 0.452939473092556 0.03850607946515083 0.0821906179189682
0 0.3271345254033804 0.5380984619259834 0.026297640055418015 0.13482780754566193
0 0.3020019941031933 0.5931768491864204 0.03918161243200302 0.18905724585056305
0 0.5415137410163879 0.5297480747103691 0.02842545509338379 0.10252515971660614
0 0.501728642731905 0.4822820983827114 0.038327790796756744 0.09992717951536179
0 0.4546276982873678 0.4839773252606392 0.03665800020098686 0.1372794657945633
0 0.249007111415267 0.6012321263551712 0.05443723127245903 0.14525535702705383
0 0.9588606841862202 0.6690487340092659 0.08049163967370987 0.1497671753168106
0 0.4777397997677326 0.50520408898592 0.032512761652469635 0.08428497612476349
0 0.5423255451023579 0.4581761695444584 0.04476962238550186 0.0887569859623909
0 0.24044033885002136 0.5335897691547871 0.03354346752166748 0.07862726598978043
0 0.9322602394968271 0.6371698081493378 0.04818229749798775 0.08681076765060425
0 0.3022630512714386 0.5020878277719021 0.023219704627990723 0.06777971237897873
0 0.7155581470578909 0.5894143916666508 0.021147917956113815 0.047737546265125275
