0 0.7366406433284283 0.6681403443217278 0.05985107272863388 0.17781232297420502
0 0.16953779384493828 0.6510733217000961 0.05185642093420029 0.17992600798606873
0 0.9011036641895771 0.7175205871462822 0.07852134853601456 0.21030913293361664
0 0.7437283992767334 0.5766933113336563 0.055802106857299805 0.10965016484260559
0 0.27392303943634033 0.6289224997162819 0.03715479373931885 0.16256196796894073
0 0.22558899596333504 0.59123445302248 0.050305940210819244 0.20663197338581085
0 0.39659129455685616 0.45545174181461334 0.04053399711847305 0.08872523903846741
0 0.9580902233719826 0.7297976762056351 0.08381958305835724 0.1874573528766632
0 0.5372914671897888 0.5070511251688004 0.03478884696960449 0.11082407832145691
0 0.4367667557671666 0.48317694291472435 0.023991728201508522 0.09792756289243698
0 0.5675814393907785 0.454155083745718 0.04577355459332466 0.07577752321958542
0 0.9711632020771503 0.6585886925458908 0.057183362543582916 0.11352106928825378
0 0.3147538062185049 0.5106334835290909 0.027981113642454147 0.08657476305961609
0 0.46388472244143486 0.49478885531425476 0.03441467136144638 0.12112295627593994
0 0.00605673091143899 0.5814170427620411 0.012113340198993683 0.10326126962900162
0 0.4857397433370352 0.49456628039479256 0.03143138810992241 0.09444228559732437
0 0.29022905230522156 0.5185671262443066 0.0344080924987793 0.10991325229406357
0 0.1746952272951603 0.5704633593559265 0.03344396501779556 0.11387503147125244
0 0.5504967570304871 0.44049613922834396 0.02778911590576172 0.04995892941951752
0 0.9428900592029095 0.6430982947349548 0.053586386144161224 0.08253860473632812
0 0.5298214675858617 0.4563094340264797 0.020275020971894264 0.033594004809856415
0 0.525367665104568 0.43841883912682533 0.025505637750029564 0.06156332045793533
0 0.4248796049505472 0.4440050609409809 0.028409291058778763 0.05856827646493912
0 0.5189413074404001 0.41339123621582985 0.017119456082582474 0.05664265900850296
