0 0.1727053038775921 0.6356808692216873 0.04539557546377182 0.16473188996315002
0 0.8812242858111858 0.7482852637767792 0.09786119312047958 0.21080821752548218
0 0.10983206704258919 0.5872028395533562 0.03980959206819534 0.19623659551143646
0 0.5039032809436321 0.5284821465611458 0.04812445491552353 0.11087252199649811
0 0.7045774087309837 0.6556585878133774 0.09449557960033417 0.2566318213939667
0 0.012623791582882404 0.719831682741642 0.02524758316576481 0.11942477524280548
0 0.0718725435435772 0.6066121123731136 0.034484364092350006 0.11122851818799973
0 0.18810978531837463 0.5107394531369209 0.040761470794677734 0.10128457844257355
0 0.2345205880701542 0.5283184796571732 0.04494450241327286 0.10908648371696472
0 0.5290744546800852 0.4659946486353874 0.04050188139081001 0.07677595317363739
0 0.32176412362605333 0.4525516629219055 0.03022589720785618 0.06831550598144531
0 0.9479307644069195 0.7612707540392876 0.09862508624792099 0.21374677121639252
0 0.44154719077050686 0.5058800727128983 0.03261275216937065 0.08342441916465759
0 0.9558827877044678 0.6886141039431095 0.0853877067565918 0.12066502124071121
0 0.49342551827430725 0.44469573721289635 0.03653860092163086 0.07755517214536667
0 0.3979366244748235 0.5024677850306034 0.03054811991751194 0.07462573796510696
0 0.3644477305933833 0.46084941551089287 0.026526665315032005 0.03835334628820419
0 0.41268299892544746 0.4927341341972351 0.033396340906620026 0.07478904724121094
0 0.41375123243778944 0.4595216382294893 0.030832862481474876 0.05106977000832558
0 0.30667902808636427 0.42925694584846497 0.013689255341887474 0.034091949462890625
0 0.3630996225401759 0.4481838047504425 0.027697300538420677 0.04409056901931763
0 0.39558450505137444 0.4667642265558243 0.03351905196905136 0.07368418574333191
