0 0.6633651629090309 0.7729694545269012 0.10541124641895294 0.25751227140426636
0 0.8717936053872108 0.7287178486585617 0.09222383797168732 0.21386978030204773
0 0.193427886813879 0.421737939119339 0.0379345640540123 0.08735525608062744
0 0.5046613812446594 0.6188693940639496 0.057967185974121094 0.158916175365448
0 0.6234481446444988 0.5379218235611916 0.04682030528783798 0.11631037294864655
0 0.5617712736129761 0.4542751684784889 0.044612884521484375 0.09622378647327423
0 0.4500179886817932 0.4986497312784195 0.05607175827026367 0.09920170903205872
0 0.32210165821015835 0.440697368234396 0.037009190768003464 0.09030621498823166
0 0.24858335219323635 0.41493305563926697 0.032032083719968796 0.05865257978439331
0 0.4490370452404022 0.4422670640051365 0.03365588188171387 0.06361783295869827
0 0.3800964653491974 0.4411950297653675 0.05951809883117676 0.1047588363289833
0 0.6053978800773621 0.4243052266538143 0.02020430564880371 0.06287240236997604
0 0.3551076240837574 0.42825445532798767 0.033526159822940826 0.097190260887146
0 0.5732397083193064 0.41172492876648903 0.03820972517132759 0.06858999282121658
0 0.9897402878850698 0.7010981142520905 0.020519446581602097 0.07204657793045044
