0 0.6083459369838238 0.6623440459370613 0.07303395122289658 0.18674816191196442
0 0.7876725792884827 0.7787851542234421 0.1018223762512207 0.2529679238796234
0 0.92137635871768 0.744490809738636 0.09124460071325302 0.19413281977176666
0 0.6520559545606375 0.5616785734891891 0.04638690873980522 0.12134382128715515
0 0.0851155687123537 0.5053047053515911 0.06199990585446358 0.11684104055166245
0 0.49820562452077866 0.49662745743989944 0.06629185378551483 0.151255801320076
0 0.022018366027623415 0.48459210619330406 0.04236239194869995 0.09021305292844772
0 0.9719432946294546 0.7174882367253304 0.05575580522418022 0.1698070913553238
0 0.426498394459486 0.45814545452594757 0.0492183193564415 0.10027614235877991
0 0.2435881458222866 0.43585317581892014 0.0359211191534996 0.07489781081676483
0 0.38914351537823677 0.4584074951708317 0.04374859482049942 0.1044936254620552
0 0.3558886703103781 0.4581812396645546 0.03698129579424858 0.08905787765979767
0 0.29850861988961697 0.4304146580398083 0.0417756550014019 0.06484129279851913
0 0.5646985769271851 0.4608381427824497 0.035935401916503906 0.08036906272172928
0 0.5443046689033508 0.42841776460409164 0.026316165924072266 0.06616668403148651
0 0.5590737704187632 0.42006703838706017 0.022899676114320755 0.05057894438505173
