0 0.32491305470466614 0.68960802257061 0.07758283615112305 0.253005713224411
0 0.4280061833560467 0.5259062573313713 0.05035199970006943 0.16879306733608246
0 0.5541097410023212 0.7346716523170471 0.05660209804773331 0.41754281520843506
0 0.3795346561819315 0.32545897737145424 0.024158883839845657 0.0645950511097908
0 0.6073547955602407 0.62978695333004 0.04802699014544487 0.21512803435325623
0 0.3528411090373993 0.4787011221051216 0.0522838830947876 0.15280629694461823
0 0.7943962104618549 0.44515620172023773 0.032198525965213776 0.10131153464317322
0 0.7860540393739939 0.35203566774725914 0.034975815564394 0.06872772425413132
0 0.8762720581144094 0.3654840774834156 0.03240938112139702 0.09627214819192886
0 0.15569301322102547 0.3226798214018345 0.03238663822412491 0.06358344107866287
0 0.2846994698047638 0.3682994395494461 0.031520962715148926 0.09549662470817566
0 0.9590584877878428 0.36218347772955894 0.03153972700238228 0.06707947701215744
0 0.3307024659588933 0.4224950037896633 0.027436161413788795 0.07720231264829636
0 0.21653049904853106 0.3541889488697052 0.021251464262604713 0.054400742053985596
0 0.9226613286882639 0.36609964445233345 0.03947954252362251 0.08405742794275284
0 0.3503871560096741 0.3189830332994461 0.017807841300964355 0.06270197033882141
0 0.17870197258889675 0.3264333177357912 0.027898501604795456 0.05294916406273842
0 0.33880390506237745 0.3766865860670805 0.011363482102751732 0.04096582159399986
0 0.20640626549720764 0.3177680093795061 0.011241555213928223 0.032130006700754166
0 0.37030022125691175 0.2954169427976012 0.010163282975554466 0.01991085521876812
0 0.9428778765723109 0.3194600874558091 0.014795875176787376 0.030761824920773506
