0 0.37426258996129036 0.6969710662961006 0.04777739197015762 0.22172249853610992
0 0.6059237606823444 0.6849698349833488 0.10389194637537003 0.21245943009853363
0 0.30213397182524204 0.5567665100097656 0.04706089571118355 0.15344280004501343
0 0.8890455812215805 0.8723230510950089 0.1295529305934906 0.2551272213459015
0 0.20521404407918453 0.44152896106243134 0.06121392175555229 0.1071031391620636
0 0.33241086080670357 0.42385170236229897 0.042376257479190826 0.08337987214326859
0 0.5535865537822247 0.407835278660059 0.03908862918615341 0.0692368820309639
0 0.13345161639153957 0.39043542742729187 0.044184278696775436 0.07146519422531128
0 0.5772646181285381 0.49832383170723915 0.03939499706029892 0.12043041735887527
0 0.2735976818948984 0.39106670767068863 0.04330949857831001 0.08776749670505524
0 0.9254401102662086 0.8196241408586502 0.11754150688648224 0.20051947236061096
0 0.5986723192036152 0.39066212624311447 0.035511113703250885 0.08038590848445892
0 0.2269650511443615 0.38566767796874046 0.038504742085933685 0.06433665007352829
0 0.8498408794403076 0.9446697384119034 0.0997767448425293 0.10979893803596497
0 0.29304279014468193 0.4674736335873604 0.04740240424871445 0.11947526037693024
0 0.6433085091412067 0.3813662715256214 0.0331178680062294 0.06796548515558243
0 0.08046925999224186 0.39168626070022583 0.04056783393025398 0.06905114650726318
0 0.23272868990898132 0.405165558680892 0.029461383819580078 0.05865020677447319
0 0.6344211455434561 0.3547880630940199 0.024349402636289597 0.050405438989400864
0 0.08698536083102226 0.4042051862925291 0.032852984964847565 0.06169327720999718
