0 0.7402269951999187 0.781018540263176 0.11958279460668564 0.25156423449516296
0 0.5611669532954693 0.6377892643213272 0.06687083095312119 0.16306927800178528
0 0.9073330983519554 0.743959590792656 0.09330730140209198 0.21201464533805847
0 0.02808528020977974 0.49816298857331276 0.05617056041955948 0.11565191298723221
0 0.4113191179931164 0.4470863305032253 0.04832591861486435 0.10093646496534348
0 0.9781934022903442 0.7223328277468681 0.04356527328491211 0.14642368257045746
0 0.640993881970644 0.5416666567325592 0.045586444437503815 0.10253334045410156
0 0.48593276739120483 0.5082840695977211 0.05598163604736328 0.1246575266122818
0 0.22266634739935398 0.43093033507466316 0.034296441823244095 0.08293787389993668
0 0.34363483265042305 0.45141376554965973 0.03798184543848038 0.09823337197303772
0 0.2791208680719137 0.4293835423886776 0.03564710542559624 0.06497811526060104
0 0.46737927198410034 0.45300741493701935 0.034606218338012695 0.06989780068397522
0 0.3732155151665211 0.43642139807343483 0.03638587146997452 0.08568424731492996
0 0.5731802582740784 0.43801966309547424 0.054125308990478516 0.13308185338974
0 0.3772925613448024 0.4586799293756485 0.02895483933389187 0.06975194811820984
