0 0.5905628427863121 0.6555369794368744 0.07301215827465057 0.17327409982681274
0 0.7725601680576801 0.7525896206498146 0.11551747471094131 0.21681912243366241
0 0.9173973798751831 0.7671318426728249 0.09128665924072266 0.24433691799640656
0 0.6504598613828421 0.570662759244442 0.05202503129839897 0.1353861540555954
0 0.9755194187164307 0.703281544148922 0.04896116256713867 0.13364093005657196
0 0.23871155455708504 0.444556575268507 0.040981508791446686 0.09048178046941757
0 0.053372373804450035 0.5008637979626656 0.05803395435214043 0.12132640182971954
0 0.4200452081859112 0.45449914783239365 0.04653313010931015 0.08794669806957245
0 0.48949457332491875 0.48979896306991577 0.05884375423192978 0.13857340812683105
0 0.38442263565957546 0.4523811303079128 0.0448576919734478 0.09684329479932785
0 0.015207745721454557 0.50536273047328 0.03040364384651184 0.08144285529851913
0 0.28971488401293755 0.4321088045835495 0.03673376888036728 0.06985935568809509
0 0.34998803213238716 0.4456639923155308 0.03215954452753067 0.08433795720338821
0 0.5640130527317524 0.457939263433218 0.04300079494714737 0.0809735581278801
0 0.5728805419057608 0.4307765103876591 0.03344745561480522 0.07392323762178421
0 0.5524486778303981 0.43051609583199024 0.023465966805815697 0.042861346155405045
