0 0.2747102566063404 0.5871981382369995 0.04228220134973526 0.18862783908843994
0 0.4029324296861887 0.641774907708168 0.04730658605694771 0.19602885842323303
0 0.6715973615646362 0.8244238793849945 0.08928799629211426 0.3402164578437805
0 0.5180383436381817 0.8933213949203491 0.06937088817358017 0.21335721015930176
0 0.737900473177433 0.7882664725184441 0.08103342354297638 0.21314094960689545
0 0.6647545583546162 0.3743797279894352 0.03240404278039932 0.08609820157289505
0 0.5987849356606603 0.38492583855986595 0.023459339514374733 0.0885453149676323
0 0.23183925822377205 0.47720281034708023 0.03499612957239151 0.15365184843540192
0 0.6077191587537527 0.45886393263936043 0.03419990465044975 0.10725203901529312
0 0.14019937440752983 0.42019742354750633 0.03138706833124161 0.08951687067747116
0 0.7209450956434011 0.3557993583381176 0.03464479371905327 0.08204945176839828
0 0.06044214591383934 0.37213967368006706 0.03724224120378494 0.08868130296468735
0 0.10080756526440382 0.3609320055693388 0.03107321821153164 0.05377938970923424
0 0.2637032177299261 0.3663864955306053 0.028854917734861374 0.055280134081840515
0 0.21638002060353756 0.3685649409890175 0.020823191851377487 0.07000978291034698
0 0.24637245573103428 0.3958327267318964 0.03559308126568794 0.05999692156910896
0 0.2489101947285235 0.33535492792725563 0.012557816691696644 0.037229008972644806
0 0.12393446732312441 0.3735349951311946 0.014417851343750954 0.031138991937041283
0 0.07219566777348518 0.3834706023335457 0.04166904836893082 0.07369734346866608
0 0.250005766749382 0.4108473677188158 0.02863168716430664 0.05633455887436867
0 0.10818647220730782 0.3790262658149004 0.03847300261259079 0.05905825272202492
0 0.22207203228026628 0.37961582839488983 0.030482912436127663 0.06571313738822937
0 0.08920838683843613 0.3897706903517246 0.07267966121435165 0.05727560073137283
