0 0.5789524540305138 0.7614250630140305 0.08027033507823944 0.26378628611564636
0 0.8153282180428505 0.7052136361598969 0.0995158702135086 0.19547945261001587
0 0.16100284457206726 0.4146675579249859 0.04620629549026489 0.087946318089962
0 0.6063708420842886 0.5193141885101795 0.04043979570269585 0.11173120886087418
0 0.408772611990571 0.5063922330737114 0.05991046503186226 0.13030891120433807
0 0.9841572400182486 0.7255282290279865 0.031685542315244675 0.091374970972538
0 0.5558121912181377 0.43288321048021317 0.038182638585567474 0.07070888578891754
0 0.4330376274883747 0.4474543482065201 0.04286966472864151 0.08278295397758484
0 0.21426353976130486 0.40999458730220795 0.03855397552251816 0.06495335698127747
0 0.2952104024589062 0.4248399846255779 0.038573168218135834 0.0863269791007042
0 0.4512961097061634 0.6131433770060539 0.04401574283838272 0.09632275998592377
0 0.6178351165726781 0.40620749816298485 0.023749971762299538 0.07347916811704636
0 0.3461541421711445 0.4477028623223305 0.0340261235833168 0.0470055490732193
0 0.5748287439346313 0.40625074878335 0.030328989028930664 0.06468404084444046
0 0.3355553690344095 0.41254639253020287 0.039264608174562454 0.04382853955030441
0 0.3238225933164358 0.4003951624035835 0.01895720884203911 0.06389160454273224
0 0.5910452483221889 0.39363687112927437 0.018850183114409447 0.040741898119449615
0 0.5652503492310643 0.38739695213735104 0.01711144484579563 0.03112063929438591
