0 0.33405009657144547 0.785930410027504 0.08101744949817657 0.3306716978549957
0 0.38709187507629395 0.5507975965738297 0.0494002103805542 0.16931834816932678
0 0.566192889586091 0.6898636966943741 0.05278639867901802 0.27631595730781555
0 0.7314539067447186 0.41378115117549896 0.03345217555761337 0.18452247977256775
0 0.3119123689830303 0.5076481401920319 0.05827309936285019 0.17126554250717163
0 0.6382451541721821 0.7752009332180023 0.0675879493355751 0.4475786089897156
0 0.809529472142458 0.3652423061430454 0.03180680423974991 0.09531409293413162
0 0.33917644061148167 0.32971132546663284 0.023484159260988235 0.0757225900888443
0 0.8589581362903118 0.3665093071758747 0.03391303867101669 0.08330885320901871
0 0.2899499889463186 0.44457968696951866 0.029006313532590866 0.0934411808848381
0 0.25714500807225704 0.3764737620949745 0.03412635251879692 0.08691520988941193
0 0.8815180538222194 0.35843006148934364 0.030397986993193626 0.06656403094530106
0 0.30797550082206726 0.33975404500961304 0.019417524337768555 0.055331528186798096
0 0.12168160453438759 0.3345907926559448 0.03640618175268173 0.06637156009674072
0 0.18796677608042955 0.36946332454681396 0.024339521303772926 0.06394612789154053
0 0.15011448878794909 0.33888296224176884 0.023996317759156227 0.04402698948979378
0 0.3065820336341858 0.31490922532975674 0.0177919864654541 0.042571257799863815
0 0.17708546202629805 0.3320950288325548 0.010039782151579857 0.03586328402161598
0 0.2941435812972486 0.3864885903894901 0.014220881275832653 0.03410763293504715
