0 0.6778242215514183 0.8284752368927002 0.08646707236766815 0.33507275581359863
0 0.4132040739059448 0.6525644138455391 0.05200600624084473 0.21575702726840973
0 0.7519729845225811 0.8352077156305313 0.09270133823156357 0.28649774193763733
0 0.27778941951692104 0.6044376492500305 0.04152936860918999 0.21170133352279663
0 0.25926126539707184 0.356060441583395 0.03538715839385986 0.07264827936887741
0 0.6596164582297206 0.3731613866984844 0.03102884255349636 0.08527471870183945
0 0.14014648273587227 0.41635632514953613 0.04449877887964249 0.10943824052810669
0 0.5947212101891637 0.38899320363998413 0.026082182303071022 0.08755713701248169
0 0.7163722515106201 0.3596118800342083 0.033637285232543945 0.09094908088445663
0 0.23041638731956482 0.4712541401386261 0.04291081428527832 0.190498948097229
0 0.5340475142002106 0.899848148226738 0.06896018981933594 0.20030364394187927
0 0.06418759562075138 0.3699362501502037 0.04359110817313194 0.0754300206899643
0 0.250733345746994 0.40048679895699024 0.033666014671325684 0.05827433243393898
0 0.10711201652884483 0.3684499189257622 0.0443544015288353 0.07274983823299408
0 0.21527581848204136 0.3738396316766739 0.019855190068483353 0.07744041085243225
0 0.6028533093631268 0.4714771881699562 0.03282489627599716 0.08929981291294098
