0 0.6029512770473957 0.6620324179530144 0.08240757137537003 0.17960844933986664
0 0.9194365963339806 0.7497802525758743 0.09091882407665253 0.20982149243354797
0 0.7806860208511353 0.750722162425518 0.11169314384460449 0.20673929154872894
0 0.0688844583928585 0.5058789663016796 0.06432411074638367 0.12169303745031357
0 0.6503504868596792 0.5648888796567917 0.04843110963702202 0.12848040461540222
0 0.9750520475208759 0.6960863769054413 0.04989586025476456 0.12555843591690063
0 0.4930844660848379 0.49430573731660843 0.05420370027422905 0.13772036135196686
0 0.2397150695323944 0.4386638402938843 0.0351409912109375 0.07699453830718994
0 0.01596197980688885 0.47480337135493755 0.03138279914855957 0.059974756091833115
0 0.38613445684313774 0.4588976167142391 0.04808928817510605 0.10289662331342697
0 0.42563293501734734 0.4719231389462948 0.054244063794612885 0.0910637304186821
0 0.352518904954195 0.4565531089901924 0.032723285257816315 0.09702606499195099
0 0.2980404496192932 0.43271075189113617 0.043808817863464355 0.07135310769081116
0 0.562658715993166 0.4652294032275677 0.04583797603845596 0.09407331794500351
0 0.5504356622695923 0.42872216552495956 0.02893829345703125 0.07504628598690033
0 0.5713661313056946 0.42564283683896065 0.031539201736450195 0.05295524746179581
0 0.47736421786248684 0.44748852029442787 0.0265776626765728 0.05438656359910965
0 0.5632297750562429 0.41149989888072014 0.023703526705503464 0.06561508029699326
