0 0.12026255391538143 0.6774286180734634 0.05880884453654289 0.2006453573703766
0 0.8994565717875957 0.7334582135081291 0.08249463886022568 0.21092067658901215
0 0.14101943001151085 0.5831070616841316 0.033170439302921295 0.13138486444950104
0 0.7280632257461548 0.5887867212295532 0.06320595741271973 0.11731719970703125
0 0.24551954865455627 0.6122702732682228 0.04058027267456055 0.14779849350452423
0 0.9566153176128864 0.7395826652646065 0.08673200756311417 0.1824960857629776
0 0.5291911363601685 0.5295195057988167 0.04133915901184082 0.10870034992694855
0 0.29994266107678413 0.5339743867516518 0.03503844887018204 0.13073505461215973
0 0.3754126187413931 0.45080776885151863 0.04074687883257866 0.08407876640558243
0 0.5514100790023804 0.4598425477743149 0.050736427307128906 0.0824110209941864
0 0.2589805666357279 0.5083032064139843 0.02879040315747261 0.09517326205968857
0 0.7449934482574463 0.6842380166053772 0.059122323989868164 0.15310347080230713
0 0.46604015305638313 0.5044290237128735 0.052756167948246 0.07926084846258163
0 0.9700381755828857 0.671547781676054 0.059923648834228516 0.10429038852453232
0 0.19290052726864815 0.5947713106870651 0.04016158729791641 0.1433483064174652
0 0.42412136774510145 0.49749505892395973 0.024186229333281517 0.1031203344464302
0 0.5150579567998648 0.4537324234843254 0.027302216738462448 0.08360587060451508
0 0.40772509574890137 0.44986024498939514 0.03640258312225342 0.06486481428146362
0 0.18620575033128262 0.5253436863422394 0.028825175017118454 0.08096826076507568
0 0.5367196556180716 0.44040518440306187 0.027258586138486862 0.052008140832185745
0 0.4489416182041168 0.4483467973768711 0.024962425231933594 0.03766293078660965
0 0.5194169990718365 0.4319632276892662 0.03461923450231552 0.07867316901683807
0 0.9496755711734295 0.6612009406089783 0.06772937625646591 0.08721601963043213
