0 0.6736688241362572 0.6756888702511787 0.08340077102184296 0.18663431704044342
0 0.2712181396782398 0.45555052906274796 0.04212091118097305 0.08981157839298248
0 0.8505893349647522 0.740630567073822 0.09956884384155273 0.19610917568206787
0 0.1641463302075863 0.5199587568640709 0.049251578748226166 0.10797916352748871
0 0.49126065894961357 0.5230838991701603 0.051500700414180756 0.1100306585431099
0 0.9368411190807819 0.7476285621523857 0.09774360805749893 0.18229399621486664
0 0.09815311431884766 0.6453726217150688 0.05169638991355896 0.1768796294927597
0 0.661372434347868 0.5773903019726276 0.059107206761837006 0.11289689689874649
0 0.9546054601669312 0.6849273182451725 0.0821385383605957 0.12100262194871902
0 0.04813327081501484 0.5731061547994614 0.053150296211242676 0.1676824390888214
0 0.11852012947201729 0.505529772490263 0.04936022311449051 0.09009047597646713
0 0.01679583852092037 0.5768874697387218 0.0333731546998024 0.07848485559225082
0 0.4452236294746399 0.4878914877772331 0.027666091918945312 0.08849529922008514
0 0.3955927900969982 0.48133552446961403 0.03951861709356308 0.11243993788957596
0 0.4280483368784189 0.4799311012029648 0.04205041006207466 0.11065313220024109
0 0.5289280414581299 0.4690850358456373 0.03229165077209473 0.05643170699477196
0 0.3389236815273762 0.4499288611114025 0.03578052669763565 0.06483014672994614
0 0.5073512196540833 0.4371270779520273 0.02870035171508789 0.05260734632611275
0 0.3690594546496868 0.47269434481859207 0.0352412685751915 0.09667100012302399
0 0.49016175884753466 0.44516071304678917 0.021268272772431374 0.06961076706647873
0 0.9152087811380625 0.6662438698112965 0.05503397062420845 0.08253220468759537
0 0.35942414961755276 0.4556640237569809 0.03241748735308647 0.06804224848747253
0 0.35303973592817783 0.47133007273077965 0.045407820492982864 0.07283007353544235
0 0.3751223497092724 0.48987555131316185 0.03615560382604599 0.07502835243940353
