0 0.5679820291697979 0.6829974502325058 0.09742226451635361 0.21407660841941833
0 0.35419800877571106 0.6538330838084221 0.049237966537475586 0.17958615720272064
0 0.18997196853160858 0.4340225085616112 0.05496293306350708 0.10843472182750702
0 0.8584754690527916 0.8683344423770905 0.1313648670911789 0.26197510957717896
0 0.31853274069726467 0.41862979531288147 0.03962106630206108 0.06397628784179688
0 0.9020998701453209 0.8663177490234375 0.13094930350780487 0.2632434368133545
0 0.2216564081609249 0.3896324336528778 0.041893742978572845 0.06490194797515869
0 0.6505848877131939 0.36531203985214233 0.03170647472143173 0.0782155990600586
0 0.12238996103405952 0.38470328226685524 0.0380462184548378 0.056676991283893585
0 0.556133234873414 0.40927691012620926 0.03557567670941353 0.08724619448184967
0 0.28552420809865 0.5287510603666306 0.04139290004968643 0.1287110149860382
0 0.26767188869416714 0.3815166912972927 0.0391201488673687 0.0834161564707756
0 0.608769666403532 0.3863077685236931 0.03205861896276474 0.08089201152324677
0 0.8078346848487854 0.9435742534697056 0.13668179512023926 0.11224890500307083
0 0.5785451531410217 0.48459459096193314 0.04358696937561035 0.13697560131549835
0 0.28502228297293186 0.469581987708807 0.0396914966404438 0.07626902312040329
0 0.07448688335716724 0.3837513290345669 0.03979175165295601 0.07156550139188766
