0 0.8429707176983356 0.7729023545980453 0.11680803447961807 0.23493465781211853
0 0.6509714126586914 0.6534165441989899 0.07010793685913086 0.1591927409172058
0 0.933264710009098 0.7785609662532806 0.10888977348804474 0.21920233964920044
0 0.2647758983075619 0.4514587074518204 0.05540265887975693 0.09487232565879822
0 0.9606546647846699 0.7065045312047005 0.07869062572717667 0.14414049685001373
0 0.08281104266643524 0.5003612190485001 0.043170265853405 0.09425464272499084
0 0.1383130345493555 0.5115298293530941 0.05051921680569649 0.12107997387647629
0 0.4979237373918295 0.5170556269586086 0.04859204217791557 0.10008960217237473
0 0.3290812727063894 0.44267088919878006 0.03751976415514946 0.06669773161411285
0 0.6564069390296936 0.5745119601488113 0.049420833587646484 0.11618784070014954
0 0.04560240334831178 0.6102954149246216 0.08532728254795074 0.19472813606262207
0 0.36594911850988865 0.46802499145269394 0.03600721433758736 0.10168050229549408
0 0.40021140594035387 0.48375463113188744 0.030214453116059303 0.0691450759768486
0 0.5389028079807758 0.46691643074154854 0.04303727298974991 0.10469881445169449
0 0.43177754897624254 0.4751905892044306 0.02801051177084446 0.05426182225346565
0 0.46608607750386 0.49352441541850567 0.022605275735259056 0.05910089239478111
0 0.5061303023248911 0.4547848328948021 0.02305584028363228 0.06120084226131439
0 0.025158171134535223 0.5818886309862137 0.050110697746276855 0.1944984495639801
0 0.5232986211776733 0.43378703854978085 0.024172306060791016 0.047491710633039474
0 0.4149770140647888 0.4343550894409418 0.015163898468017578 0.03923572972416878
