0 0.3295897766947746 0.6443055048584938 0.07159249484539032 0.2077668458223343
0 0.5433560609817505 0.7526301294565201 0.051764488220214844 0.4835379421710968
0 0.44401921704411507 0.51795394718647 0.04952583461999893 0.1536572277545929
0 0.5960471741855145 0.5962545797228813 0.03992404788732529 0.18194054067134857
0 0.814300287514925 0.4403592124581337 0.03517565876245499 0.08909602463245392
0 0.2266577361151576 0.3432951606810093 0.027694201096892357 0.07648230344057083
0 0.2959153354167938 0.36187680438160896 0.03506660461425781 0.0995088592171669
0 0.8067668322473764 0.3525572195649147 0.03522543981671333 0.07934941351413727
0 0.368358314037323 0.4433305524289608 0.0535658597946167 0.1121811792254448
0 0.3930773679167032 0.31885552033782005 0.02547304704785347 0.07854955643415451
0 0.9014692790806293 0.365190252661705 0.03155050426721573 0.0891636312007904
0 0.18822304625064135 0.32033969834446907 0.029715443029999733 0.058998383581638336
0 0.16748234909027815 0.32399260252714157 0.025803958997130394 0.06646858155727386
0 0.3673962950706482 0.3262877129018307 0.01936185359954834 0.06924080103635788
0 0.9424629453569651 0.3467437196522951 0.03272895887494087 0.053100500255823135
0 0.34793965239077806 0.4033733531832695 0.030009889975190163 0.09833155572414398
0 0.9858955619856715 0.35244012996554375 0.02413330040872097 0.035689376294612885
0 0.5512405158951879 0.5431180447340012 0.014191770926117897 0.0661756694316864
0 0.9721843479201198 0.3235502317547798 0.01615295372903347 0.03154809772968292
