0 0.41678881645202637 0.8626387268304825 0.06266558170318604 0.27472034096717834
0 0.36516628228127956 0.6052098572254181 0.040408920496702194 0.18691033124923706
0 0.6121893767267466 0.7782508581876755 0.06119256094098091 0.31549331545829773
0 0.6851838119328022 0.7199907898902893 0.05933652073144913 0.20191311836242676
0 0.6482199672609568 0.4132995679974556 0.027937699109315872 0.16616876423358917
0 0.2749060336500406 0.5337843596935272 0.04894869402050972 0.153472900390625
0 0.7147187469527125 0.3660937398672104 0.03016362152993679 0.07977750897407532
0 0.817685853689909 0.9529690854251385 0.04259457439184189 0.09318771213293076
0 0.15369181334972382 0.40277785435318947 0.030473947525024414 0.07895422726869583
0 0.7764984257519245 0.3544589467346668 0.04612026363611221 0.08842430263757706
0 0.12149383500218391 0.35223865509033203 0.040984831750392914 0.06210041046142578
0 0.07951255701482296 0.3469294272363186 0.03480913117527962 0.058573298156261444
0 0.28472734056413174 0.357551921159029 0.024227570742368698 0.06397787481546402
0 0.24395138584077358 0.4670018330216408 0.03296489641070366 0.1412409096956253
0 0.23395075276494026 0.39809775725007057 0.037189580500125885 0.0755622461438179
0 0.23665100894868374 0.37702078372240067 0.039885710924863815 0.0706455260515213
0 0.2738679824396968 0.32363519445061684 0.011436199769377708 0.033521778881549835
0 0.24543743766844273 0.34882681630551815 0.02166013792157173 0.06030593439936638
