0 0.8120510578155518 0.7788807451725006 0.11457705497741699 0.2577919363975525
0 0.6235173344612122 0.643126904964447 0.06720995903015137 0.14329206943511963
0 0.9315401427447796 0.7791855931282043 0.11056222766637802 0.22584033012390137
0 0.6541403774172068 0.5788364931941032 0.051490116864442825 0.12690959870815277
0 0.09830271825194359 0.4874847084283829 0.04763508588075638 0.08936449885368347
0 0.250457352027297 0.44815531745553017 0.034447263926267624 0.09387118369340897
0 0.9672528989613056 0.7035585194826126 0.06549415737390518 0.1259014904499054
0 0.49617291055619717 0.4861600548028946 0.06015748903155327 0.12489911913871765
0 0.01786793850351387 0.6394790560007095 0.03570953756570816 0.09493115544319153
0 0.428833294659853 0.4604492820799351 0.04703579097986221 0.1023871973156929
0 0.3101242370903492 0.43828146904706955 0.04020295292139053 0.06381551921367645
0 0.3610497657209635 0.4569858908653259 0.03365795686841011 0.08647477626800537
0 0.04374181479215622 0.4862039275467396 0.04340311139822006 0.07873598486185074
0 0.3919009082019329 0.4596868045628071 0.03573598712682724 0.1000051274895668
0 0.5577963348478079 0.46221989020705223 0.0448274128139019 0.11338280886411667
0 0.5338538410142064 0.4370136000216007 0.023170853033661842 0.0764971449971199
