0 0.08462950959801674 0.6694960966706276 0.05136304348707199 0.18424029648303986
0 0.22988387942314148 0.6353321596980095 0.04202437400817871 0.18705163896083832
0 0.7415650598704815 0.6987360864877701 0.07011928409337997 0.18508580327033997
0 0.12179429456591606 0.5843482688069344 0.033356450498104095 0.14302588999271393
0 0.7171083800494671 0.579716868698597 0.05667700618505478 0.10655428469181061
0 0.9578638076782227 0.7268928587436676 0.08427238464355469 0.16224902868270874
0 0.5246531255543232 0.5193091370165348 0.043836452066898346 0.10951656848192215
0 0.2849554233253002 0.5419187135994434 0.039044640958309174 0.08269111067056656
0 0.8993710167706013 0.7156974598765373 0.0879431739449501 0.18262659013271332
0 0.36117495223879814 0.45035238191485405 0.03681912273168564 0.08271607011556625
0 0.2454452933743596 0.519257728010416 0.027330780401825905 0.06265813857316971
0 0.17134320177137852 0.5817968025803566 0.038161326199769974 0.1772717386484146
0 0.4412484522908926 0.4961053878068924 0.03449506685137749 0.12041553854942322
0 0.46360949240624905 0.5061540901660919 0.028480004519224167 0.09037721157073975
0 0.5427435748279095 0.45654918253421783 0.048914097249507904 0.07600262761116028
0 0.2308178124949336 0.4753751214593649 0.01747570000588894 0.042472075670957565
0 0.3982854001224041 0.450704088434577 0.03966083377599716 0.05760417506098747
0 0.41087793186306953 0.4741335026919842 0.032686926424503326 0.07456084340810776
0 0.5113241616636515 0.45359746366739273 0.02326040342450142 0.08446396887302399
0 0.5093358755111694 0.4279671274125576 0.024730920791625977 0.07763146609067917
0 0.9421967379748821 0.6572224758565426 0.05207099765539169 0.07070117443799973
0 0.41658085584640503 0.4918143227696419 0.026514530181884766 0.08038003742694855
