0 0.13302547112107277 0.6733844205737114 0.0549304261803627 0.19633518159389496
0 0.907303474843502 0.7380008473992348 0.09209756553173065 0.2168559581041336
0 0.7328867204487324 0.5835972130298615 0.0608428493142128 0.11652594804763794
0 0.956912063062191 0.7360244914889336 0.08569793403148651 0.17188619077205658
0 0.15154768247157335 0.585844986140728 0.029740238562226295 0.14374910295009613
0 0.30577970668673515 0.5335709154605865 0.03378119319677353 0.13781607151031494
0 0.2531996928155422 0.6211829856038094 0.03973641246557236 0.1601799875497818
0 0.5549801103770733 0.46769968420267105 0.05101432651281357 0.08591045439243317
0 0.5322513934224844 0.5146711505949497 0.040337514132261276 0.10105807334184647
0 0.3817397113889456 0.4533482976257801 0.03475935384631157 0.08745948225259781
0 0.26796817779541016 0.514407929033041 0.03373444080352783 0.09798549860715866
0 0.2049580253660679 0.6003783419728279 0.046698786318302155 0.1579369455575943
0 0.9685872085392475 0.6654633432626724 0.06259308010339737 0.11458125710487366
0 0.4688562639057636 0.5042455606162548 0.05110058933496475 0.08064910024404526
0 0.5200190544128418 0.44280988723039627 0.029688596725463867 0.06423534452915192
0 0.42897661961615086 0.5069712065160275 0.023531723767518997 0.07473903149366379
0 0.4515429260209203 0.4994545094668865 0.023641252890229225 0.07275297492742538
0 0.445861560292542 0.45049147866666317 0.015595579519867897 0.03503642603754997
0 0.4204603787511587 0.4587781988084316 0.017565201967954636 0.04134576767683029
