0 0.36391589045524597 0.591258205473423 0.04377138614654541 0.1961032897233963
0 0.6571289785206318 0.7171439528465271 0.05724678188562393 0.25233137607574463
0 0.29004967212677 0.5434551760554314 0.04365730285644531 0.18217913806438446
0 0.37535567954182625 0.8394810557365417 0.07575986534357071 0.3210345506668091
0 0.5884572621434927 0.7452899664640427 0.05344648286700249 0.3281995952129364
0 0.7535288333892822 0.3685718812048435 0.030641794204711914 0.09381688386201859
0 0.6817817213013768 0.41686221957206726 0.028804922476410866 0.17493748664855957
0 0.09626220725476742 0.34798289090394974 0.03725023195147514 0.07053525745868683
0 0.3086218647658825 0.3438715897500515 0.0322507843375206 0.08666276186704636
0 0.7411601431667805 0.9317817687988281 0.05741844326257706 0.13643646240234375
0 0.1662627998739481 0.3741753473877907 0.0342472679913044 0.08288444578647614
0 0.26972183026373386 0.3455367498099804 0.019298601895570755 0.07280739396810532
0 0.8124245163053274 0.3672618865966797 0.047292184084653854 0.07953101396560669
0 0.1259950352832675 0.34118378534913063 0.024849092587828636 0.06982309371232986
0 0.2487657256424427 0.4365426301956177 0.04824671894311905 0.1723031997680664
0 0.8000118378549814 0.33245108276605606 0.02335052564740181 0.04377831518650055
0 0.2334868609905243 0.3661940358579159 0.019194960594177246 0.03552614897489548
