0 0.49456674978137016 0.671651728451252 0.07831492274999619 0.21571363508701324
0 0.31161182560026646 0.6458193510770798 0.042386699467897415 0.21823391318321228
0 0.7726546041667461 0.8507497906684875 0.11316933482885361 0.2940380573272705
0 0.8418876305222511 0.863370418548584 0.11898751556873322 0.2725163698196411
0 0.6327472925186157 0.38201453164219856 0.03240823745727539 0.08654842525720596
0 0.1616157628595829 0.42399290949106216 0.04868123680353165 0.09673143923282623
0 0.6809222102165222 0.36685866862535477 0.03333759307861328 0.09025825560092926
0 0.258154958486557 0.5244193226099014 0.037692904472351074 0.15060386061668396
0 0.2135306242853403 0.38746220991015434 0.02963315322995186 0.0637827143073082
0 0.6602662093937397 0.9235637113451958 0.0642760768532753 0.15287254750728607
0 0.5702410219237208 0.39920974895358086 0.03055558167397976 0.08215048164129257
0 0.11069398745894432 0.37724580243229866 0.0355883464217186 0.06614778190851212
0 0.5793036334216595 0.4780576005578041 0.033350132405757904 0.1187419444322586
0 0.06764989905059338 0.38036080449819565 0.04052812233567238 0.07747022807598114
0 0.2857011742889881 0.42332059144973755 0.050849296152591705 0.08293122053146362
0 0.26084173657000065 0.3637361116707325 0.0364338643848896 0.06593284755945206
0 0.25675015710294247 0.44238565117120743 0.04328341409564018 0.09297104179859161
0 0.2664600433781743 0.3824700191617012 0.029912615194916725 0.058412447571754456
