0 0.45906899496912956 0.7228457927703857 0.06286778301000595 0.24560856819152832
0 0.7040863260626793 0.7014600485563278 0.09265236556529999 0.22547492384910583
0 0.11149645037949085 0.4073229245841503 0.04722608998417854 0.08675643056631088
0 0.9599614962935448 0.8870855048298836 0.08007697761058807 0.22356559336185455
0 0.9638251885771751 0.7877858057618141 0.0722067803144455 0.17245276272296906
0 0.36235762760043144 0.582422748208046 0.05725862830877304 0.1541537344455719
0 0.3794067744165659 0.42893870174884796 0.04284267500042915 0.07806828618049622
0 0.5543137677013874 0.4157087430357933 0.034949637949466705 0.07347111403942108
0 0.5876916293054819 0.5176495164632797 0.0503881461918354 0.14209607243537903
0 0.25148453935980797 0.39995118603110313 0.04115404933691025 0.06969057768583298
0 0.26989348232746124 0.455692782998085 0.055655717849731445 0.06334224343299866
0 0.3033772762864828 0.4085957556962967 0.050669025629758835 0.09795108437538147
0 0.16530272364616394 0.39311422407627106 0.046153724193573 0.06792399287223816
0 0.5884152892976999 0.3998255282640457 0.036103297024965286 0.08236613869667053
0 0.33932559564709663 0.48108066990971565 0.04397092014551163 0.1044718399643898
0 0.6163106439635158 0.3811353165656328 0.0281203743070364 0.04351336136460304
0 0.6332870246842504 0.4075086638331413 0.023716354742646217 0.0475725382566452
0 0.6086324453353882 0.3687068969011307 0.025461196899414062 0.052204281091690063
0 0.556988287717104 0.4587247334420681 0.03541717678308487 0.058902911841869354
0 0.32356433290988207 0.44067672081291676 0.01618793047964573 0.04197252169251442
