0 0.4892190992832184 0.6743353381752968 0.07948589324951172 0.22167642414569855
0 0.3085522707551718 0.6357983499765396 0.04337341710925102 0.20776918530464172
0 0.7640142813324928 0.851065143942833 0.11217780411243439 0.2978688180446625
0 0.832486629486084 0.8638700842857361 0.11182284355163574 0.27224934101104736
0 0.15822123922407627 0.4230731911957264 0.04436903074383736 0.09998313337564468
0 0.6500287652015686 0.9228876903653145 0.0639185905456543 0.15421821177005768
0 0.25561583414673805 0.5188348665833473 0.03620872646570206 0.15180231630802155
0 0.6838889122009277 0.36542732268571854 0.033850908279418945 0.0863264948129654
0 0.6343598123639822 0.3797260746359825 0.03276534005999565 0.08437804877758026
0 0.5800994392484426 0.46777722612023354 0.03251690790057182 0.1185351088643074
0 0.11042743176221848 0.37685931846499443 0.03694683313369751 0.06772901862859726
0 0.5716665033251047 0.39555664733052254 0.03221540525555611 0.07891014963388443
0 0.21368168573826551 0.390623364597559 0.030428921803832054 0.07335580140352249
0 0.2543617822229862 0.4412833899259567 0.045489050447940826 0.09173503518104553
0 0.06702549196779728 0.3810531795024872 0.038717228919267654 0.08274686336517334
0 0.25987008213996887 0.3582070581614971 0.03539621829986572 0.05815925449132919
0 0.2808982077986002 0.4134453758597374 0.046442318707704544 0.06432478129863739
0 0.2857567369937897 0.4299905225634575 0.03946840763092041 0.06494979560375214
