0 0.5689359661191702 0.6788653880357742 0.05295271798968315 0.25296464562416077
0 0.38020322285592556 0.5406767874956131 0.04859120771288872 0.1517905294895172
0 0.30894562043249607 0.4939480274915695 0.0473821647465229 0.13664957880973816
0 0.6630792021751404 0.8970899656414986 0.060628414154052734 0.20499946177005768
0 0.6279733069241047 0.6781425774097443 0.03664598613977432 0.2533082365989685
0 0.11499183997511864 0.33381805196404457 0.034327901899814606 0.06982845813035965
0 0.3387473449110985 0.7961929738521576 0.07763533294200897 0.34961849451065063
0 0.28225709218531847 0.43563300371170044 0.02736487425863743 0.12948769330978394
0 0.7954860925674438 0.3730657920241356 0.03293037414550781 0.09321634471416473
0 0.33211870212107897 0.332370113581419 0.023593688383698463 0.07689007371664047
0 0.2991818729788065 0.33342570066452026 0.01968400552868843 0.077842116355896
0 0.18015496991574764 0.3618626892566681 0.029628705233335495 0.09484928846359253
0 0.2543860822916031 0.37229127064347267 0.034911513328552246 0.08741927891969681
0 0.7215538145974278 0.41365717351436615 0.0299853328615427 0.17547979950904846
0 0.8571658488363028 0.3673783279955387 0.05152006074786186 0.07743335515260696
0 0.14547745324671268 0.3409923352301121 0.025657881051301956 0.055753178894519806
0 0.8439559461548924 0.3318305891007185 0.02941312827169895 0.04326021298766136
0 0.8446559067815542 0.37917816266417503 0.0351526252925396 0.0592147633433342
0 0.1696536927483976 0.32981104403734207 0.014124142937362194 0.03290452063083649
