0 0.40137589536607265 0.5363017469644547 0.05101962015032768 0.1592383086681366
0 0.3227534182369709 0.7214510291814804 0.07653842121362686 0.260966032743454
0 0.7574638845399022 0.436492171138525 0.02932419814169407 0.1037590429186821
0 0.5579867362976074 0.6707676649093628 0.05021190643310547 0.27047407627105713
0 0.6144677754491568 0.6471643894910812 0.04469294473528862 0.2251175343990326
0 0.32920218631625175 0.4825901761651039 0.044248007237911224 0.16250945627689362
0 0.35493452567607164 0.33737230859696865 0.022113824263215065 0.0622410885989666
0 0.30383352003991604 0.4255567267537117 0.02722639963030815 0.08309610188007355
0 0.7527564764022827 0.35857030004262924 0.030826330184936523 0.07753066718578339
0 0.8380879759788513 0.3657928630709648 0.03680276870727539 0.09175120294094086
0 0.32558571081608534 0.3355380594730377 0.020939921960234642 0.07239973545074463
0 0.9119423506781459 0.35816250182688236 0.026743030175566673 0.05230202153325081
0 0.26764725521206856 0.36620594933629036 0.03306851536035538 0.07739893347024918
0 0.8860475178807974 0.35584962740540504 0.040642451494932175 0.07058883458375931
0 0.6061657071113586 0.869414895772934 0.05358290672302246 0.26025527715682983
0 0.19957482535392046 0.37172847241163254 0.02661820687353611 0.06988756358623505
0 0.1607051668688655 0.3209219444543123 0.02706906758248806 0.04373953118920326
0 0.19712948240339756 0.3521575927734375 0.027289021760225296 0.07030361890792847
0 0.13153984025120735 0.3298684172332287 0.036613188683986664 0.0718311294913292
0 0.8958778977394104 0.32188424468040466 0.016581058502197266 0.02977466583251953
0 0.34693360328674316 0.2927095387130976 0.014413118362426758 0.018492359668016434
