0 0.29067816212773323 0.6368068531155586 0.03982899338006973 0.22263552248477936
0 0.4397211614996195 0.6408150568604469 0.0507996566593647 0.18831177055835724
0 0.7133283987641335 0.8082259148359299 0.09134311974048615 0.2775939404964447
0 0.5854358449578285 0.9018568247556686 0.07037468254566193 0.19551154971122742
0 0.6476342082023621 0.3810794912278652 0.03368663787841797 0.08505653589963913
0 0.7862489446997643 0.8185653388500214 0.09116749465465546 0.24042671918869019
0 0.14679084531962872 0.41139035299420357 0.04379237815737724 0.10137239843606949
0 0.5893684746697545 0.4763970635831356 0.027823353186249733 0.11999338120222092
0 0.7033649682998657 0.3638732433319092 0.03324532508850098 0.08250969648361206
0 0.5835349084809422 0.39307474344968796 0.026549482718110085 0.08301649987697601
0 0.23064778372645378 0.4613683447241783 0.05821933597326279 0.24864451587200165
0 0.06390086933970451 0.36988306790590286 0.03996676206588745 0.07014520466327667
0 0.10151884239166975 0.3639259673655033 0.029906516894698143 0.06762606650590897
0 0.25964656099677086 0.3673210181295872 0.038960836827754974 0.07546240836381912
0 0.2643117494881153 0.40551652014255524 0.038849808275699615 0.09382578730583191
