0 0.6293651685118675 0.6591608673334122 0.06825928390026093 0.1686260998249054
0 0.8138199560344219 0.757496789097786 0.10281624644994736 0.22118940949440002
0 0.6582643277943134 0.5868576988577843 0.05876932293176651 0.13570277392864227
0 0.9329575784504414 0.7821927070617676 0.11128530651330948 0.23219561576843262
0 0.03037000074982643 0.6261181682348251 0.06074000149965286 0.17126664519309998
0 0.11216115392744541 0.49176866188645363 0.05849825218319893 0.0999528244137764
0 0.9677735567092896 0.704370878636837 0.064422607421875 0.12911491096019745
0 0.25407510437071323 0.4502136968076229 0.03816227987408638 0.0897819921374321
0 0.43075549043715 0.4667242541909218 0.043622542172670364 0.11252708733081818
0 0.500180309638381 0.5062602497637272 0.05603642389178276 0.10430539399385452
0 0.05542494356632233 0.49580997601151466 0.052230607718229294 0.09937930852174759
0 0.36307389102876186 0.4558027349412441 0.03346855565905571 0.08849423378705978
0 0.4013386182487011 0.4746863767504692 0.035590194165706635 0.07598410546779633
0 0.5587250702083111 0.45714855194091797 0.04185190051794052 0.09641456604003906
0 0.31607918068766594 0.44314366579055786 0.041951797902584076 0.07517081499099731
0 0.5282190563157201 0.44182686880230904 0.023618603125214577 0.08249536901712418
0 0.4799657352268696 0.4595899246633053 0.0314088836312294 0.07334344834089279
0 0.3828334929421544 0.42867723293602467 0.015586519613862038 0.03792894259095192
0 0.5466792825609446 0.42583893425762653 0.02208547666668892 0.04277632012963295
0 0.005467336159199476 0.5781110413372517 0.010934672318398952 0.06510887295007706
0 0.00522450590506196 0.553698593750596 0.01044901181012392 0.05610131099820137
