0 0.7303702123463154 0.6549849510192871 0.05442056804895401 0.16328120231628418
0 0.7640631906688213 0.5852483659982681 0.05994667857885361 0.11720326542854309
0 0.8756477609276772 0.7156099006533623 0.07504148781299591 0.22047661244869232
0 0.05988867208361626 0.551004234701395 0.03309457749128342 0.11945635825395584
0 0.3229784481227398 0.5842906087636948 0.04481329768896103 0.23337987065315247
0 0.5868535283952951 0.47063741460442543 0.032392311841249466 0.09369922429323196
0 0.9443670734763145 0.7250049412250519 0.07732991874217987 0.19640511274337769
0 0.007362578995525837 0.579832199960947 0.014725157991051674 0.09994138032197952
0 0.9465278014540672 0.6573959067463875 0.08052091300487518 0.14487089216709137
0 0.23196522891521454 0.6034200862050056 0.03750777244567871 0.1535520702600479
0 0.43062030151486397 0.4548882283270359 0.04177436977624893 0.0858384445309639
0 0.264497360214591 0.6027005165815353 0.052967619150877 0.2127813994884491
0 0.5441893460229039 0.5212833620607853 0.028174782171845436 0.0672379806637764
0 0.4745305236428976 0.49397648125886917 0.050085972994565964 0.10993953049182892
0 0.5098007433116436 0.49674924835562706 0.03381838649511337 0.11048655956983566
0 0.5452846046537161 0.4496646858751774 0.04156751558184624 0.08938200026750565
0 0.5396955255419016 0.4302610978484154 0.030125189572572708 0.07533721625804901
