0 0.32440217584371567 0.7097916305065155 0.0790197104215622 0.29539793729782104
0 0.42022928036749363 0.5233669281005859 0.04973774030804634 0.16543036699295044
0 0.5593722946941853 0.7602670341730118 0.06463585048913956 0.470305472612381
0 0.8663528077304363 0.3712892085313797 0.0322054848074913 0.10000911355018616
0 0.28165546618402004 0.36513904482126236 0.03363389894366264 0.0920831710100174
0 0.6093577854335308 0.638838917016983 0.04549970477819443 0.22785919904708862
0 0.34735294058918953 0.47240953147411346 0.04908189922571182 0.14209416508674622
0 0.777711296454072 0.35454392433166504 0.03436904028058052 0.07363855838775635
0 0.21060393750667572 0.34697282686829567 0.025812983512878418 0.09150481969118118
0 0.3741390286013484 0.3333724867552519 0.02209780178964138 0.05884435400366783
0 0.32498776353895664 0.4190405532717705 0.029505658894777298 0.12365858256816864
0 0.911472987383604 0.36196092143654823 0.035764120519161224 0.07020742446184158
0 0.7874678857624531 0.4500823877751827 0.03358206897974014 0.10683047026395798
0 0.1748076919466257 0.3181352782994509 0.0269349105656147 0.05647138133645058
0 0.9462679736316204 0.36473437771201134 0.0321439728140831 0.07117926329374313
0 0.34450335521250963 0.3170078881084919 0.016373300924897194 0.056240059435367584
0 0.14940412063151598 0.32386876083910465 0.027633870020508766 0.06120963767170906
0 0.1410863338969648 0.30520991142839193 0.01220767479389906 0.030908478423953056
0 0.931827962398529 0.32143536303192377 0.014084339141845703 0.02969902940094471
0 0.36164039373397827 0.2966869920492172 0.015865206718444824 0.02278628945350647
