0 0.5236534830182791 0.6327839717268944 0.062137555330991745 0.1712074726819992
0 0.8929078355431557 0.7511924207210541 0.10977192223072052 0.23849445581436157
0 0.6817856654524803 0.7446112558245659 0.09522967040538788 0.21517597138881683
0 0.6290763858705759 0.5499909780919552 0.04968409612774849 0.12130063027143478
0 0.39196267165243626 0.45382313802838326 0.05367403104901314 0.11371133476495743
0 0.20630011521279812 0.42757755145430565 0.04126323387026787 0.08871477097272873
0 0.9880687473341823 0.7078574150800705 0.023859119042754173 0.10586878657341003
0 0.260321905836463 0.4279675632715225 0.042371224611997604 0.08675524592399597
0 0.3267200943082571 0.43331072852015495 0.03256649896502495 0.07989247888326645
0 0.46678488329052925 0.4804467633366585 0.06474480777978897 0.14237810671329498
0 0.5647467728704214 0.45846952497959137 0.049158524721860886 0.10182812809944153
0 0.362728213891387 0.4366343691945076 0.029110979288816452 0.10097046196460724
0 0.6025248412042856 0.43285724334418774 0.02742629125714302 0.05673688277602196
0 0.5718806739896536 0.41356663778424263 0.052762221544981 0.06340471655130386
0 0.3724835216999054 0.41971609368920326 0.019993066787719727 0.05055219680070877
0 0.5748691204935312 0.38995885476469994 0.04789571836590767 0.04949747771024704
