0 0.5725702755153179 0.6847209185361862 0.05185952037572861 0.25323960185050964
0 0.633404802531004 0.6661027297377586 0.043067120015621185 0.22148577868938446
0 0.785987650975585 0.37671760842204094 0.032424163073301315 0.10622598975896835
0 0.8448088653385639 0.35629066452383995 0.05224571377038956 0.09370123594999313
0 0.3027947247028351 0.4932243674993515 0.04497230052947998 0.13231387734413147
0 0.3741153422743082 0.5556032359600067 0.047327566891908646 0.16800075769424438
0 0.6835979446768761 0.9083112478256226 0.064120814204216 0.1819223165512085
0 0.34252818673849106 0.7870205044746399 0.07422713935375214 0.298856258392334
0 0.17626936174929142 0.3687739968299866 0.028250802308321 0.0878133773803711
0 0.10775047354400158 0.33995310962200165 0.032156091183423996 0.0747959315776825
0 0.2494023386389017 0.3876619189977646 0.03362290933728218 0.08081135153770447
0 0.27510650735348463 0.4356542229652405 0.029194092378020287 0.125532865524292
0 0.7086500283330679 0.36941389739513397 0.028166722506284714 0.09276911616325378
0 0.2911992371082306 0.33198356442153454 0.02092123031616211 0.05595075711607933
0 0.3267636299133301 0.3456228543072939 0.02821934223175049 0.0570092536509037
0 0.1399989454075694 0.3346148617565632 0.02814844809472561 0.060450829565525055
0 0.7096932288259268 0.4118913859128952 0.028432320803403854 0.14775219559669495
