0 0.38598117232322693 0.7100872173905373 0.0545954704284668 0.2357310801744461
0 0.6139074452221394 0.6625509485602379 0.0857919231057167 0.16802029311656952
0 0.3120304048061371 0.5665801912546158 0.05487716197967529 0.16778555512428284
0 0.9044738858938217 0.8750289380550385 0.13746032118797302 0.24993473291397095
0 0.9354648366570473 0.8120223358273506 0.11705799400806427 0.18958105146884918
0 0.5981514565646648 0.3935419023036957 0.03549756854772568 0.0803365707397461
0 0.5531244520097971 0.408699207007885 0.038782645016908646 0.07309536635875702
0 0.5757737047970295 0.49913524091243744 0.035863496363162994 0.12660637497901917
0 0.08638492412865162 0.40101826190948486 0.04871009662747383 0.08799111843109131
0 0.33533718064427376 0.42088715732097626 0.0473691001534462 0.0838252604007721
0 0.1348883993923664 0.38379708491265774 0.04231689125299454 0.06004638597369194
0 0.21346362307667732 0.43504010885953903 0.06146083027124405 0.11037640273571014
0 0.23119929060339928 0.3859638050198555 0.04011525958776474 0.06491054594516754
0 0.2759772539138794 0.3860555775463581 0.043538451194763184 0.0724397674202919
0 0.2988665644079447 0.45730865001678467 0.03934161737561226 0.07977133989334106
0 0.6297395471483469 0.3659401722252369 0.023088980466127396 0.06468895822763443
0 0.8636313565075397 0.9484871998429298 0.0845104232430458 0.10265655815601349
0 0.2930528521537781 0.5064126197248697 0.0180206298828125 0.04546021297574043
0 0.28333411179482937 0.42627303302288055 0.016741346567869186 0.03790363669395447
0 0.645865392871201 0.3921055141836405 0.021271372213959694 0.041115570813417435
0 0.5572487600147724 0.4312887452542782 0.03132949024438858 0.07080548256635666
