0 0.1529378555715084 0.6492334380745888 0.05735190957784653 0.17819972336292267
0 0.6983910910785198 0.6495409235358238 0.09767784923315048 0.2489803284406662
0 0.8660211190581322 0.7317293807864189 0.09388379752635956 0.1794489473104477
0 0.9418468251824379 0.7383056581020355 0.09026117622852325 0.15879720449447632
0 0.1661841683089733 0.5155433192849159 0.04822798818349838 0.10898514091968536
0 0.3066447377204895 0.46227117255330086 0.05716991424560547 0.09039429575204849
0 0.20562460087239742 0.5189029984176159 0.04208732768893242 0.10711928457021713
0 0.04889248497784138 0.5607941783964634 0.033517468720674515 0.10205913335084915
0 0.08536180481314659 0.5886349007487297 0.04419120401144028 0.18226419389247894
0 0.4955360535532236 0.518710307776928 0.04717235639691353 0.10247687995433807
0 0.9481425061821938 0.6786031536757946 0.0816323310136795 0.11745580285787582
0 0.43240329064428806 0.49368566647171974 0.04392747953534126 0.10111600905656815
0 0.4033830165863037 0.49074994400143623 0.03560340404510498 0.12069986015558243
0 0.5211687330156565 0.45731839165091515 0.03851966932415962 0.07580655068159103
0 0.35226600151509047 0.4566597379744053 0.028789138421416283 0.07669592648744583
0 0.37921810150146484 0.4725837670266628 0.02925240993499756 0.0733218714594841
0 0.48774251341819763 0.44228551909327507 0.034430503845214844 0.066351018846035
0 0.9164540059864521 0.6598258055746555 0.04907283931970596 0.07767558842897415
