0 0.5956492200493813 0.6868207305669785 0.10871858894824982 0.2130434215068817
0 0.36363857984542847 0.6888628751039505 0.045529842376708984 0.22834506630897522
0 0.875068973749876 0.8697233200073242 0.12480201572179794 0.2588222026824951
0 0.9198679178953171 0.8604760617017746 0.1299782693386078 0.27680739760398865
0 0.19768468104302883 0.433968473225832 0.059071075171232224 0.09085748344659805
0 0.29137873090803623 0.5167218744754791 0.04790513589978218 0.214167058467865
0 0.12909969687461853 0.38890116289258003 0.04598516225814819 0.0635976567864418
0 0.3254443220794201 0.424445316195488 0.04621603339910507 0.08220461010932922
0 0.22371265850961208 0.3845946379005909 0.037816476076841354 0.06101701408624649
0 0.6028379797935486 0.38766828924417496 0.03265738487243652 0.08108194172382355
0 0.8068813793361187 0.9436578303575516 0.05996408313512802 0.1113756000995636
0 0.271244864910841 0.38980112597346306 0.03849520534276962 0.09223272651433945
0 0.5554601904004812 0.41432517394423485 0.0407535545527935 0.08603816479444504
0 0.6471657156944275 0.37748026102781296 0.029582500457763672 0.05426417291164398
0 0.5766009576618671 0.4925607889890671 0.03334174305200577 0.11268284916877747
0 0.07670334726572037 0.38619334250688553 0.042158424854278564 0.06321801245212555
0 0.6409017443656921 0.35336920991539955 0.02615070343017578 0.04576952010393143
