0 0.1350633893162012 0.6435930877923965 0.05332689359784126 0.15641191601753235
0 0.29174914956092834 0.4573134146630764 0.047112226486206055 0.07440965622663498
0 0.8627422340214252 0.7616086974740028 0.10357723385095596 0.23457272350788116
0 0.9388766773045063 0.7653345838189125 0.10357008129358292 0.2350894957780838
0 0.49209684133529663 0.5136852413415909 0.04316282272338867 0.09513965249061584
0 0.05874789506196976 0.6007990911602974 0.06964095681905746 0.19087804853916168
0 0.66726129129529 0.5851982571184635 0.05652771145105362 0.11068326979875565
0 0.19288668036460876 0.5066621787846088 0.04627704620361328 0.08513704687356949
0 0.949347473680973 0.6996678188443184 0.08365984261035919 0.1536179929971695
0 0.15050210431218147 0.5090662725269794 0.046847738325595856 0.09134415537118912
0 0.689894687384367 0.6742994114756584 0.06793179363012314 0.13234876096248627
0 0.5212033148854971 0.4638936296105385 0.04231996461749077 0.08604134619235992
0 0.34810200333595276 0.45036665350198746 0.0333404541015625 0.06928469240665436
0 0.3986811339855194 0.4878820590674877 0.03537487983703613 0.09863408654928207
0 0.481402444653213 0.45078120008111 0.02494344674050808 0.06585002690553665
0 0.43158696964383125 0.4877231977880001 0.0405334010720253 0.08453386276960373
0 0.37354521732777357 0.46151871979236603 0.02646634541451931 0.0655839741230011
0 0.3755401251837611 0.48660266771912575 0.023239707574248314 0.06089795380830765
0 0.44268955010920763 0.48477523028850555 0.02678384818136692 0.08791652321815491
0 0.0817498592659831 0.5541037619113922 0.022773897275328636 0.05051392316818237
