0 0.3210410848259926 0.7105818837881088 0.07645829021930695 0.2811947762966156
0 0.577638067305088 0.7624902874231339 0.10077925026416779 0.47338858246803284
0 0.40899363718926907 0.5250751450657845 0.049648355692625046 0.16072328388690948
0 0.27142090164124966 0.37098244577646255 0.0303773395717144 0.10141684114933014
0 0.7648308631032705 0.3623061887919903 0.03664679452776909 0.09398021548986435
0 0.7704162001609802 0.45003046095371246 0.0286712646484375 0.09459927678108215
0 0.8480064272880554 0.3720657005906105 0.03212261199951172 0.09453798830509186
0 0.20184198580682278 0.35359130427241325 0.026596438139677048 0.09175082296133041
0 0.3625836670398712 0.3344346173107624 0.022623300552368164 0.05234269052743912
0 0.9258148912340403 0.3621564991772175 0.03482942655682564 0.050819672644138336
0 0.3380922432988882 0.461471863090992 0.04538698121905327 0.12688280642032623
0 0.3337852358818054 0.3317355550825596 0.02167534828186035 0.07166082412004471
0 0.8939690832048655 0.35313159227371216 0.03038768842816353 0.055325210094451904
0 0.16632322687655687 0.3215177711099386 0.027053916826844215 0.058608245104551315
0 0.3119805697351694 0.42033617198467255 0.028534699231386185 0.06726375222206116
0 0.9105786322616041 0.32497977279126644 0.014865684323012829 0.032305758446455
0 0.3520859722048044 0.2979508973658085 0.01671295240521431 0.025508053600788116
0 0.1412342842668295 0.3298715278506279 0.023435186594724655 0.04635344445705414
0 0.31864753970876336 0.3750867433845997 0.013363075442612171 0.03759888559579849
