0 0.7526385076344013 0.7022567391395569 0.09896359592676163 0.21269488334655762
0 0.5105449371039867 0.7257795855402946 0.08224119991064072 0.23616443574428558
0 0.9715551249682903 0.7845530807971954 0.05560722202062607 0.14737480878829956
0 0.5930557250976562 0.5141685344278812 0.03798556327819824 0.11992979794740677
0 0.40307752415537834 0.4420899823307991 0.054048679769039154 0.08761431276798248
0 0.1289442740380764 0.40161217749118805 0.0467468723654747 0.08140012621879578
0 0.18684690073132515 0.40197364799678326 0.04862312227487564 0.06141098961234093
0 0.36724497005343437 0.4951954409480095 0.05022575706243515 0.1183990091085434
0 0.5526194330304861 0.43672410771250725 0.03797192499041557 0.10103806108236313
0 0.39217650331556797 0.5726936012506485 0.04954497888684273 0.12868431210517883
0 0.3154103755950928 0.3991121016442776 0.04251205921173096 0.07590340822935104
0 0.5870651248842478 0.3980649262666702 0.0390196330845356 0.07430097460746765
0 0.2863033227622509 0.43198199570178986 0.06449177116155624 0.11457875370979309
0 0.6282625198364258 0.4055373817682266 0.022387027740478516 0.06274333596229553
0 0.6046311976388097 0.3864076565951109 0.024315500631928444 0.04992815479636192
0 0.3237580833956599 0.4429371412843466 0.02542099915444851 0.05350829288363457
0 0.6248303055763245 0.3882738184183836 0.02342534065246582 0.05430230125784874
0 0.6009076833724976 0.37218122370541096 0.02770519256591797 0.05910578742623329
