0 0.4309846758842468 0.5231655612587929 0.05148196220397949 0.1627800017595291
0 0.3252236247062683 0.6787493377923965 0.07714533805847168 0.23050621151924133
0 0.5522290952503681 0.7405239343643188 0.051633454859256744 0.4119502305984497
0 0.3525210376828909 0.4767998307943344 0.0577741377055645 0.1647222340106964
0 0.6032544132322073 0.6201461628079414 0.04337472841143608 0.2025543600320816
0 0.789107060059905 0.35023272410035133 0.03502054139971733 0.07011712342500687
0 0.3823892595246434 0.3248027227818966 0.024296903982758522 0.06597506254911423
0 0.7979601863771677 0.4455249607563019 0.032781172543764114 0.10765266418457031
0 0.15810484904795885 0.3222727049142122 0.028796637430787086 0.06216451898217201
0 0.8823088649660349 0.36445336043834686 0.029079247266054153 0.09395197033882141
0 0.21805888134986162 0.35067057609558105 0.02483060397207737 0.08809375762939453
0 0.28793790377676487 0.3707754909992218 0.03257398679852486 0.0939677357673645
0 0.18070888798683882 0.32178298756480217 0.02864471636712551 0.06294067949056625
0 0.3336740732192993 0.41368695721030235 0.02709507942199707 0.07385974377393723
0 0.9272638075053692 0.36617647483944893 0.03748788684606552 0.08732316642999649
0 0.9643837213516235 0.35795263946056366 0.028958797454833984 0.059711605310440063
0 0.35335572995245457 0.32638905942440033 0.017065811902284622 0.06858614087104797
0 0.37319484958425164 0.29459747951477766 0.009209943003952503 0.01902175508439541
0 0.9488790035247803 0.32017413433641195 0.01505136489868164 0.028703583404421806
