0 0.37044234201312065 0.6296666115522385 0.03821232169866562 0.20427963137626648
0 0.7010457031428814 0.777322381734848 0.07289447635412216 0.27297836542129517
0 0.6354016782715917 0.4237505793571472 0.030327940359711647 0.17624437808990479
0 0.2760997824370861 0.5728203803300858 0.042911313474178314 0.19228985905647278
0 0.6247903220355511 0.7986608743667603 0.06020703166723251 0.3430755138397217
0 0.7001331923529506 0.3701239675283432 0.0271283145993948 0.08827927708625793
0 0.14419730380177498 0.3977939821779728 0.037883974611759186 0.10326171666383743
0 0.44012858904898167 0.872488260269165 0.0624881274998188 0.25464189052581787
0 0.11110099218785763 0.3567819856107235 0.03096197172999382 0.06658738106489182
0 0.7619509696960449 0.35083894059062004 0.042739152908325195 0.07207521051168442
0 0.2347162328660488 0.4504178464412689 0.041191600263118744 0.169447660446167
0 0.27607921976596117 0.3590933308005333 0.026873374357819557 0.08439867198467255
0 0.07419807650148869 0.3538629487156868 0.034660715609788895 0.05775667726993561
0 0.2360950829461217 0.348310261964798 0.02212049998342991 0.05379420518875122
0 0.2675908743403852 0.3269598577171564 0.011846351437270641 0.03366275504231453
