0 0.7003989815711975 0.7073532938957214 0.10944771766662598 0.22890543937683105
0 0.4457617159932852 0.7010123431682587 0.05867786332964897 0.21748453378677368
0 0.37505514547228813 0.42923951894044876 0.04464521259069443 0.07724495232105255
0 0.5544561985880136 0.42002122849226 0.0348089225590229 0.07755796611309052
0 0.3519682940095663 0.5653901547193527 0.05107314512133598 0.12647899985313416
0 0.1046291384845972 0.4041183367371559 0.043993253260850906 0.08046688139438629
0 0.16006676852703094 0.39640720933675766 0.04741072654724121 0.07245521247386932
0 0.9607448950409889 0.7986441105604172 0.07755537331104279 0.17949184775352478
0 0.5898300893604755 0.3866484798491001 0.034505464136600494 0.0644192174077034
0 0.33319269493222237 0.48502540588378906 0.048784948885440826 0.12320548295974731
0 0.29593935050070286 0.3909507729113102 0.04600982740521431 0.07356972247362137
0 0.2563682869076729 0.4394969679415226 0.06502167880535126 0.10770899802446365
0 0.5839903708547354 0.5128444135189056 0.04385228082537651 0.12622612714767456
0 0.9555873051285744 0.8892271965742111 0.08882541954517365 0.2195875346660614
0 0.6156120784580708 0.3754650540649891 0.03188953548669815 0.0652681365609169
0 0.6339695807546377 0.40500551275908947 0.02710409089922905 0.0487358532845974
0 0.24652268551290035 0.3966147303581238 0.04252881929278374 0.06802880764007568
