0 0.8188379891216755 0.4438547343015671 0.035236455500125885 0.0904148519039154
0 0.5417204741388559 0.7411007434129715 0.058263350278139114 0.462454229593277
0 0.5980048533529043 0.5852663964033127 0.04716749116778374 0.17487606406211853
0 0.4468431528657675 0.5173688307404518 0.048424433916807175 0.16070492565631866
0 0.3301766589283943 0.6410817876458168 0.07085342705249786 0.21170170605182648
0 0.229338807053864 0.34777725487947464 0.029181504622101784 0.08552832901477814
0 0.9080394618213177 0.368313517421484 0.03149738162755966 0.08927398175001144
0 0.298238318413496 0.3580108918249607 0.03497912734746933 0.09228206425905228
0 0.36860319413244724 0.4551537334918976 0.05901448801159859 0.153228759765625
0 0.810967206954956 0.35355694964528084 0.03496670722961426 0.07845083624124527
0 0.17213540337979794 0.32582808285951614 0.02766801044344902 0.07192857563495636
0 0.9895639661699533 0.35408594086766243 0.02054004743695259 0.034666337072849274
0 0.9477911945432425 0.3486233726143837 0.032729338854551315 0.05795915424823761
0 0.191107171587646 0.31904060393571854 0.028609847649931908 0.05919481813907623
0 0.36970982514321804 0.3249294273555279 0.017525743693113327 0.06924446672201157
0 0.3964074496179819 0.3291667625308037 0.02511601522564888 0.06326870620250702
0 0.3501782715320587 0.39708518981933594 0.028997182846069336 0.07915496826171875
0 0.9782737852074206 0.3254089504480362 0.01543350238353014 0.031034618616104126
0 0.5512333870865405 0.5431703180074692 0.014707517810165882 0.06669697165489197
0 0.3938033226877451 0.30756513588130474 0.022953320294618607 0.055000390857458115
