0 0.47831762954592705 0.7274560257792473 0.06977786868810654 0.2472371906042099
0 0.719515074044466 0.6768210083246231 0.08813557773828506 0.19253137707710266
0 0.11650880239903927 0.40297089517116547 0.04747368022799492 0.08334138989448547
0 0.37398150004446507 0.5840988382697105 0.05424182489514351 0.15930192172527313
0 0.9684422984719276 0.8914260119199753 0.06305570900440216 0.21498379111289978
0 0.30984051153063774 0.4105668365955353 0.05329706519842148 0.09640282392501831
0 0.1721029132604599 0.3908997159451246 0.0448341965675354 0.06039738282561302
0 0.38666925951838493 0.427767314016819 0.04844846576452255 0.07760806381702423
0 0.9656663164496422 0.7909138947725296 0.0686672180891037 0.16014471650123596
0 0.5536183826625347 0.41900843009352684 0.03485598415136337 0.08060311526060104
0 0.27720778435468674 0.433898501098156 0.06870095431804657 0.1338721364736557
0 0.5871952287852764 0.5120205730199814 0.04008474200963974 0.1252811849117279
0 0.5900973919779062 0.40108755603432655 0.03871588781476021 0.0786433294415474
0 0.3512483239173889 0.4805203191936016 0.046407103538513184 0.089136503636837
0 0.629277253523469 0.3920344449579716 0.02795581892132759 0.06626231223344803
0 0.6094838380813599 0.38583312556147575 0.026827573776245117 0.04561712592840195
0 0.6068705795332789 0.3718151729553938 0.028084134683012962 0.05771183595061302
0 0.6219959016889334 0.37986546382308006 0.01848287507891655 0.04420679062604904
