0 0.41017827950417995 0.5938908532261848 0.05436880514025688 0.15629352629184723
0 0.5233232136815786 0.7084992825984955 0.06188387796282768 0.20040088891983032
0 0.7807317972183228 0.7162703797221184 0.11144518852233887 0.22206293046474457
0 0.978211248293519 0.7689325958490372 0.04357748106122017 0.15835419297218323
0 0.601001251488924 0.5323919206857681 0.04769716411828995 0.1367475688457489
0 0.19774166122078896 0.40039931051433086 0.046405352652072906 0.060827042907476425
0 0.4118403382599354 0.434756625443697 0.04619715362787247 0.07023743540048599
0 0.5528426058590412 0.4321247413754463 0.04082212597131729 0.08518756926059723
0 0.13934973441064358 0.4064577855169773 0.04862029477953911 0.07053668051958084
0 0.3773834891617298 0.47900480777025223 0.04583881050348282 0.0821535736322403
0 0.31333453208208084 0.4491257481276989 0.06705839931964874 0.09611137956380844
0 0.27921452559530735 0.4134430028498173 0.03705589845776558 0.08398891240358353
0 0.6263830307871103 0.3987012729048729 0.028263378888368607 0.06195776164531708
0 0.5808121208101511 0.3953765947371721 0.03219609335064888 0.06061083450913429
0 0.3304497841745615 0.42993440851569176 0.03969006612896919 0.07811783999204636
0 0.6000204440206289 0.39295051246881485 0.02821178361773491 0.05473984777927399
0 0.32386283949017525 0.405684158205986 0.04434023052453995 0.08165690302848816
0 0.5953783392906189 0.37335762567818165 0.025420665740966797 0.05124193802475929
