0 0.33244546689093113 0.6723506599664688 0.04398982599377632 0.22518661618232727
0 0.525885634124279 0.6456312835216522 0.07419376075267792 0.17168456315994263
0 0.7238384000957012 0.9275943636894226 0.06431879848241806 0.14349627494812012
0 0.27422305941581726 0.5383872389793396 0.047261714935302734 0.15877002477645874
0 0.5762784369289875 0.4841259941458702 0.041120387613773346 0.11715291440486908
0 0.8159020319581032 0.8597593307495117 0.12065835297107697 0.28045737743377686
0 0.8805362805724144 0.8468014597892761 0.12640075385570526 0.26151740550994873
0 0.17501932755112648 0.43133073672652245 0.0553729310631752 0.1156468316912651
0 0.6201537605375051 0.38150348514318466 0.03090495988726616 0.0655922144651413
0 0.5628403071314096 0.39814649149775505 0.0342288501560688 0.07940902560949326
0 0.21698448061943054 0.395627174526453 0.0377882719039917 0.08493400365114212
0 0.07103865221142769 0.377552580088377 0.03974609822034836 0.06459399312734604
0 0.11749819852411747 0.37698423117399216 0.03829794004559517 0.0686223953962326
0 0.2678296659141779 0.4334143288433552 0.04027001932263374 0.07152429968118668
0 0.27174704149365425 0.38697878271341324 0.03622422367334366 0.045929208397865295
0 0.29995892010629177 0.41073083132505417 0.03334493562579155 0.053664907813072205
0 0.27031191624701023 0.45954104512929916 0.04042999818921089 0.09166882932186127
