0 0.8518772013485432 0.7638280838727951 0.09950313717126846 0.22623011469841003
0 0.2760718762874603 0.449125487357378 0.04245460033416748 0.07735124975442886
0 0.6810561195015907 0.6948329955339432 0.07265229523181915 0.1582367718219757
0 0.6622280590236187 0.5802380815148354 0.052904509007930756 0.10836847126483917
0 0.10603893548250198 0.6330306380987167 0.053083598613739014 0.1582300364971161
0 0.4912869278341532 0.5261142775416374 0.05120139196515083 0.11258511245250702
0 0.952063299715519 0.6928145736455917 0.08823700249195099 0.13901600241661072
0 0.9385906681418419 0.766719400882721 0.10278443992137909 0.20804524421691895
0 0.17242717370390892 0.5255437158048153 0.054517827928066254 0.11471574753522873
0 0.03991145780310035 0.5929128527641296 0.06713265180587769 0.190585196018219
0 0.44432329572737217 0.4864407926797867 0.026152897626161575 0.08489719033241272
0 0.3406677357852459 0.45217929780483246 0.03296305984258652 0.06433698534965515
0 0.12581365928053856 0.5039646625518799 0.046941302716732025 0.09438705444335938
0 0.37211387790739536 0.4800819978117943 0.03551142290234566 0.09936629235744476
0 0.5274599073454738 0.46989917755126953 0.030968045815825462 0.061107337474823
0 0.3975777979940176 0.47542929276824 0.0358852855861187 0.10111825913190842
0 0.4972391240298748 0.4570560194551945 0.0422603115439415 0.07920850068330765
0 0.4218026641756296 0.47249760851264 0.030422497540712357 0.10164379328489304
0 0.41184950480237603 0.44061216339468956 0.014657211489975452 0.04082828015089035
