0 0.9751076698303223 0.7739424929022789 0.04978466033935547 0.15542428195476532
0 0.7702023275196552 0.7200280427932739 0.11196289211511612 0.23338699340820312
0 0.5156067423522472 0.7073380500078201 0.06801214069128036 0.19954541325569153
0 0.5952677130699158 0.5187473706901073 0.03889107704162598 0.11365576833486557
0 0.13441900350153446 0.41206636279821396 0.04687957838177681 0.09181569516658783
0 0.5525376554578543 0.43189383298158646 0.040982913225889206 0.08420427143573761
0 0.39980545081198215 0.5869150310754776 0.05260484293103218 0.1581597626209259
0 0.41279962100088596 0.44178786501288414 0.04931311681866646 0.08476727455854416
0 0.19172445498406887 0.40504108741879463 0.04343707486987114 0.06546143442392349
0 0.37355469539761543 0.494595929980278 0.049347855150699615 0.1087253987789154
0 0.2733474727720022 0.4078148230910301 0.0361526720225811 0.06921331584453583
0 0.5831453558057547 0.39546576142311096 0.0347716324031353 0.06806564331054688
0 0.3104962706565857 0.4546286016702652 0.03992724418640137 0.06967303156852722
0 0.3265682216733694 0.4175388216972351 0.028951596468687057 0.05384856462478638
0 0.6284231189638376 0.4032363332808018 0.027513552457094193 0.07094556838274002
0 0.6014447333291173 0.38933534547686577 0.028317594900727272 0.05606498569250107
0 0.3059216318652034 0.3801672235131264 0.014834141358733177 0.035107508301734924
0 0.30336957052350044 0.43699200451374054 0.049329377710819244 0.08752712607383728
