0 0.36129753664135933 0.5868799984455109 0.04021451622247696 0.18717342615127563
0 0.5915823094546795 0.7345956116914749 0.05460681766271591 0.30648544430732727
0 0.2871595323085785 0.5456332191824913 0.042981624603271484 0.1782606691122055
0 0.37847407907247543 0.8379878401756287 0.06500427424907684 0.3240243196487427
0 0.6617069952189922 0.7264422923326492 0.05236401408910751 0.26077714562416077
0 0.09426450915634632 0.3498360961675644 0.03893010690808296 0.07430478930473328
0 0.3023033980280161 0.3455025553703308 0.029322076588869095 0.08381110429763794
0 0.7449395535513759 0.3739562965929508 0.028930282220244408 0.09702784568071365
0 0.6744592068716884 0.45166634768247604 0.02644357644021511 0.11834089457988739
0 0.264035033993423 0.3472312465310097 0.01987454853951931 0.07744337618350983
0 0.6741727469488978 0.36736446246504784 0.02702460251748562 0.07083623856306076
0 0.16153918206691742 0.3769910931587219 0.032018065452575684 0.09189635515213013
0 0.8001704216003418 0.37111521512269974 0.03911948204040527 0.07414688169956207
0 0.7495741359889507 0.9403014667332172 0.04507126659154892 0.11876008659601212
0 0.12463844288140535 0.3395496755838394 0.02702566422522068 0.06725963950157166
0 0.25605914928019047 0.44607098400592804 0.029707957059144974 0.1571284830570221
0 0.8080203048884869 0.351103026419878 0.045198820531368256 0.07951918989419937
0 0.23842214047908783 0.3916333094239235 0.03311765193939209 0.09050489962100983
0 0.1414093431085348 0.34865432418882847 0.02841312810778618 0.04356049373745918
0 0.12915400881320238 0.35242546536028385 0.029105031862854958 0.04693504050374031
