0 0.6705495342612267 0.7575147226452827 0.09802941977977753 0.2283022552728653
0 0.8859260678291321 0.7450913712382317 0.10749053955078125 0.23524127900600433
0 0.5222278833389282 0.6161981150507927 0.07399725914001465 0.15265129506587982
0 0.6250560041517019 0.552605614066124 0.04858870431780815 0.1351357400417328
0 0.19921494089066982 0.42781997472047806 0.038754653185606 0.09774453938007355
0 0.3250696547329426 0.4426037520170212 0.03705809265375137 0.09562000632286072
0 0.25806899741292 0.42665179818868637 0.04205343872308731 0.08388654887676239
0 0.5639927387237549 0.4622124433517456 0.049166202545166016 0.10354483127593994
0 0.4594637155532837 0.49369219690561295 0.06493782997131348 0.16813744604587555
0 0.6052530761808157 0.4302017521113157 0.021619748324155807 0.055784013122320175
0 0.3926610052585602 0.4590634349733591 0.043244361877441406 0.06154106929898262
0 0.5763080231845379 0.41187599673867226 0.04069175571203232 0.06285960227251053
0 0.9892293689772487 0.7087902426719666 0.021541213616728783 0.09809112548828125
0 0.3619129303842783 0.4504036344587803 0.02525465562939644 0.06447262316942215
0 0.3598663564771414 0.4159837160259485 0.033940624445676804 0.058233220130205154
0 0.5649961717426777 0.41816372238099575 0.04289732128381729 0.051011573523283005
