0 0.4348390996456146 0.6430161222815514 0.04825925827026367 0.2069137543439865
0 0.2876021023839712 0.6288263499736786 0.04054565355181694 0.20565181970596313
0 0.7081165201961994 0.8103601187467575 0.093572236597538 0.29022738337516785
0 0.7795080430805683 0.8262129873037338 0.09157691150903702 0.2676229178905487
0 0.5748465433716774 0.9013509377837181 0.06812496483325958 0.1972980946302414
0 0.6482138633728027 0.3784700594842434 0.032848358154296875 0.08565323799848557
0 0.5907906172797084 0.4749450162053108 0.0272506233304739 0.1194542795419693
0 0.7049959655851126 0.36125556379556656 0.03232521936297417 0.07890625298023224
0 0.5855447174981236 0.38950978592038155 0.027573252096772194 0.07592103630304337
0 0.2422282099723816 0.5228795669972897 0.03283512592315674 0.11006592959165573
0 0.14650362357497215 0.41464101523160934 0.04641469568014145 0.1072690337896347
0 0.10153234004974365 0.3633248172700405 0.030496269464492798 0.0678706094622612
0 0.0625583678483963 0.37073421850800514 0.04002700746059418 0.07409680634737015
0 0.23940291441977024 0.4376717880368233 0.032409001141786575 0.0769127756357193
0 0.25943333469331264 0.36798129230737686 0.0403568260371685 0.07910944521427155
0 0.21377955377101898 0.3626795522868633 0.025969386100769043 0.058359526097774506
0 0.2630595304071903 0.4058792144060135 0.03934977203607559 0.10072442889213562
0 0.21770523767918348 0.3972363267093897 0.0247251745313406 0.04658504202961922
