0 0.6062022335827351 0.6605679988861084 0.07591710239648819 0.18214988708496094
0 0.9210926666855812 0.7374369204044342 0.08941240608692169 0.183413565158844
0 0.7827950119972229 0.7688776925206184 0.10164880752563477 0.2349480539560318
0 0.4954217616468668 0.4948307275772095 0.06210284307599068 0.15345150232315063
0 0.6523756980895996 0.5608301162719727 0.04502129554748535 0.11989915370941162
0 0.42554624006152153 0.46221183240413666 0.05185820907354355 0.1069200336933136
0 0.0772479698061943 0.5031819827854633 0.05775865912437439 0.11342421919107437
0 0.35549998842179775 0.45600034296512604 0.037186574190855026 0.08894237875938416
0 0.3891951199620962 0.462738323956728 0.04736919328570366 0.10953263193368912
0 0.9725640658289194 0.6963702291250229 0.05487184599041939 0.12745115160942078
0 0.020231869886629283 0.48064302653074265 0.0387495756149292 0.08642421662807465
0 0.29811116494238377 0.43182816728949547 0.03847353532910347 0.06816952675580978
0 0.24464812874794006 0.43786127120256424 0.027153372764587402 0.04671312868595123
0 0.5598378535360098 0.4440438710153103 0.048545073717832565 0.09680353850126266
