0 0.3847995102405548 0.5481842309236526 0.049842000007629395 0.16600456833839417
0 0.5672237165272236 0.6876430809497833 0.050330258905887604 0.2737460732460022
0 0.3349319212138653 0.7887971103191376 0.07848694175481796 0.34169918298721313
0 0.3129805326461792 0.5009291619062424 0.048738837242126465 0.15471306443214417
0 0.33702769316732883 0.33399949222803116 0.024377990514039993 0.08147771656513214
0 0.80464808922261 0.3663409799337387 0.030898189172148705 0.09467682242393494
0 0.7277980204671621 0.413933165371418 0.03357381746172905 0.17967595160007477
0 0.2565310150384903 0.3755939342081547 0.034842848777770996 0.08721906691789627
0 0.28766330517828465 0.4449053518474102 0.028502512723207474 0.09451361745595932
0 0.1877146866172552 0.36911623179912567 0.0261085145175457 0.06389984488487244
0 0.8767295004799962 0.3588092066347599 0.03002777136862278 0.0642818883061409
0 0.3041871068999171 0.3394486680626869 0.018330788239836693 0.0636233240365982
0 0.8554411176592112 0.37031563371419907 0.035616684705019 0.08444254100322723
0 0.11908972822129726 0.3312729708850384 0.03447652980685234 0.06685104221105576
0 0.6428603641688824 0.7763618379831314 0.07423438876867294 0.44526591897010803
0 0.14601995330303907 0.33764871023595333 0.027428841218352318 0.04570011422038078
0 0.1733433366753161 0.3302751872688532 0.01196898240596056 0.0359547920525074
0 0.30104315280914307 0.3137089218944311 0.014839410781860352 0.040999751538038254
