0 0.6072203144431114 0.6818908974528313 0.09246234595775604 0.20904897153377533
0 0.3823485616594553 0.7119735479354858 0.056380320340394974 0.2592707872390747
0 0.3063037507236004 0.5580091178417206 0.05465497821569443 0.1658526062965393
0 0.20748301222920418 0.4319430999457836 0.06257913261651993 0.09879621118307114
0 0.9308744445443153 0.8195088133215904 0.11894150078296661 0.20293502509593964
0 0.22929288819432259 0.38510462269186974 0.04015979915857315 0.06377171725034714
0 0.3313687387853861 0.419872522354126 0.04131310060620308 0.07416665554046631
0 0.8996170312166214 0.8747644573450089 0.13860836625099182 0.250351220369339
0 0.5985587239265442 0.393141720443964 0.034131526947021484 0.07877708226442337
0 0.5534640308469534 0.4082670286297798 0.038678597658872604 0.0698174387216568
0 0.2751869075000286 0.39212918654084206 0.04343762248754501 0.08825666457414627
0 0.8387845400720835 0.9441354237496853 0.057398129254579544 0.11081432551145554
0 0.5771861560642719 0.5010552033782005 0.039827682077884674 0.12537972629070282
0 0.0867694690823555 0.39880916476249695 0.051374830305576324 0.08401298522949219
0 0.2942952159792185 0.452364768832922 0.04162471368908882 0.0853562280535698
0 0.1341721974313259 0.3834779504686594 0.04341474920511246 0.058439064770936966
0 0.6378489136695862 0.36932774260640144 0.03580641746520996 0.07783571630716324
