0 0.5327210649847984 0.632226973772049 0.07256416976451874 0.16657036542892456
0 0.6879444122314453 0.7435484677553177 0.0917510986328125 0.19909146428108215
0 0.8930572979152203 0.7474493533372879 0.10236635059118271 0.23328712582588196
0 0.6311510093510151 0.551238626241684 0.05125937610864639 0.12629759311676025
0 0.9874258516356349 0.7046216167509556 0.0251294132322073 0.10525716096162796
0 0.20706896856427193 0.4259604811668396 0.04009518772363663 0.08444845676422119
0 0.3940607253462076 0.4505305029451847 0.05258040502667427 0.09720433503389359
0 0.32773375511169434 0.428292416036129 0.03061830997467041 0.07014469802379608
0 0.26174016296863556 0.4259173087775707 0.047499895095825195 0.08370979875326157
0 0.5637929439544678 0.4460425153374672 0.04354071617126465 0.08320261538028717
0 0.36457954719662666 0.44135652109980583 0.035237766802310944 0.11046727746725082
0 0.46627197228372097 0.4960857294499874 0.057085227221250534 0.10712038725614548
0 0.4545417185872793 0.44659145548939705 0.0334138385951519 0.07669029384851456
0 0.5805821418762207 0.4228333458304405 0.06491875648498535 0.08371619880199432
