0 0.03329140430014377 0.6162668541073799 0.06656832247972488 0.19714690744876862
0 0.8297953493893147 0.7414815127849579 0.11290249973535538 0.19584745168685913
0 0.6436743624508381 0.6845052018761635 0.08720264583826065 0.20988328754901886
0 0.06398508884012699 0.4982750713825226 0.05019126459956169 0.10693168640136719
0 0.25800069607794285 0.4508776292204857 0.04203217104077339 0.09418080747127533
0 0.9675110951066017 0.7087615951895714 0.06497783958911896 0.15740661323070526
0 0.9371856451034546 0.768917053937912 0.10669755935668945 0.2215014100074768
0 0.65724116563797 0.5774311050772667 0.04891514778137207 0.1280098408460617
0 0.12083118222653866 0.5032286792993546 0.043966930359601974 0.11143442988395691
0 0.36509507335722446 0.4607943333685398 0.03133134916424751 0.09524387866258621
0 0.552488386631012 0.4525008462369442 0.04315495491027832 0.08747338503599167
0 0.4981199558824301 0.5069969519972801 0.05669541284441948 0.09708951413631439
0 0.4007308781147003 0.4695209115743637 0.04727327823638916 0.10128232836723328
0 0.5229425551369786 0.44212276116013527 0.022809648886322975 0.08491087704896927
0 0.3201655391603708 0.4362679645419121 0.04174094274640083 0.06533317267894745
0 0.4394686333835125 0.48355964943766594 0.03621258586645126 0.07151349633932114
0 0.47971182502806187 0.46590182930231094 0.030506420880556107 0.08494342863559723
0 0.3264179229736328 0.4511424917727709 0.03205573558807373 0.04803979769349098
0 0.4190667811781168 0.4339368864893913 0.018171358853578568 0.03963635861873627
