0 0.7290213815867901 0.6540679857134819 0.05653991550207138 0.16354916989803314
0 0.06443165615200996 0.5606693774461746 0.033167384564876556 0.13615557551383972
0 0.8703068494796753 0.7043296992778778 0.0677328109741211 0.2045779824256897
0 0.3246872667223215 0.5878734365105629 0.04287521913647652 0.23652423918247223
0 0.7647783271968365 0.5769414491951466 0.06015577167272568 0.0981324091553688
0 0.01006542170798852 0.5766182094812393 0.020130783319473267 0.1369786560535431
0 0.5881651397794485 0.4665887579321861 0.03293938562273979 0.09144507348537445
0 0.25544892996549606 0.6280828267335892 0.07455949485301971 0.21064427495002747
0 0.944241464138031 0.6472246646881104 0.08265066146850586 0.12813949584960938
0 0.9414591081440449 0.7217492237687111 0.0796566978096962 0.1890614777803421
0 0.5444169994443655 0.5247363187372684 0.027373742312192917 0.07731390744447708
0 0.4302828125655651 0.4504396803677082 0.03706707805395126 0.07529131323099136
0 0.25632378458976746 0.547517005354166 0.026687264442443848 0.09230948239564896
0 0.5103049036115408 0.495872151106596 0.03769106790423393 0.10140486806631088
0 0.47625705040991306 0.4949839934706688 0.05035882070660591 0.10785619914531708
0 0.5513009550049901 0.4622710831463337 0.02996673621237278 0.06489435583353043
0 0.5335524082183838 0.4359979424625635 0.016868114471435547 0.053831059485673904
0 0.46227192878723145 0.4597457963973284 0.032553672790527344 0.047805193811655045
0 0.4600207395851612 0.48725226521492004 0.03138170391321182 0.08219337463378906
