0 0.5904893763363361 0.7461102679371834 0.07733092457056046 0.24719835817813873
0 0.16854079999029636 0.4204220734536648 0.043128419667482376 0.09297298640012741
0 0.8338357582688332 0.7252715826034546 0.1130339652299881 0.21770596504211426
0 0.609898041933775 0.5303012169897556 0.04407515376806259 0.12062085419893265
0 0.41708164289593697 0.5070449337363243 0.058890558779239655 0.13541315495967865
0 0.9869867917150259 0.7217148207128048 0.026026438921689987 0.09278827160596848
0 0.22485993430018425 0.410830270498991 0.03970494121313095 0.06432469934225082
0 0.5579008217900991 0.4466569125652313 0.041417550295591354 0.09120970964431763
0 0.30181868001818657 0.4244063124060631 0.03765442222356796 0.0874020904302597
0 0.437907088547945 0.4501950182020664 0.04024491459131241 0.08798319846391678
0 0.4594003800302744 0.6012479290366173 0.05408458784222603 0.14607255160808563
0 0.3399299085140228 0.40938317216932774 0.03843486309051514 0.06192253902554512
0 0.3590450044721365 0.4645841307938099 0.04011423513293266 0.07369867712259293
0 0.6157934665679932 0.40626656264066696 0.02258467674255371 0.05474035441875458
0 0.5752568719908595 0.4154931288212538 0.02491936646401882 0.05352109298110008
0 0.5885315295308828 0.4015989899635315 0.02237076684832573 0.053686439990997314
0 0.3474153224378824 0.453498188406229 0.05420498922467232 0.07990599423646927
0 0.5724307652562857 0.39726786129176617 0.0331391803920269 0.05368783697485924
