0 0.669798769056797 0.676274947822094 0.08622808754444122 0.1759614795446396
0 0.8495726361870766 0.7378546297550201 0.09486694633960724 0.19178813695907593
0 0.09265664219856262 0.647606186568737 0.05630478262901306 0.1837899535894394
0 0.26914561353623867 0.45643480494618416 0.04245550557971001 0.08737937361001968
0 0.9375932924449444 0.7491193413734436 0.09924688190221786 0.18043768405914307
0 0.49214273132383823 0.5174934342503548 0.0490754134953022 0.10213716328144073
0 0.15928844176232815 0.5203558914363384 0.04731525108218193 0.10803069919347763
0 0.11187954619526863 0.5028639771044254 0.0493394210934639 0.09070921689271927
0 0.6630275957286358 0.5740277543663979 0.05805005878210068 0.10986705124378204
0 0.396510386839509 0.481505423784256 0.04194502905011177 0.11215943098068237
0 0.9547010064125061 0.6832191906869411 0.08275651931762695 0.1180647537112236
0 0.36770986393094063 0.47107095271348953 0.0342772975564003 0.1012352854013443
0 0.445579725317657 0.4792146608233452 0.029007529839873314 0.09651671350002289
0 0.0432128980755806 0.5726142302155495 0.04660160467028618 0.15505947172641754
0 0.4246443919837475 0.4731450304389 0.03316750377416611 0.09666959941387177
0 0.525303840637207 0.45330052077770233 0.03915667533874512 0.08051952719688416
0 0.014609856489073536 0.5744432434439659 0.02921837940812111 0.07672695815563202
0 0.3350696675479412 0.4512057490646839 0.03563513606786728 0.07187394052743912
0 0.4920658888295293 0.4550440292805433 0.022339964285492897 0.05297398194670677
0 0.5092641236260533 0.4309919625520706 0.027934694662690163 0.039780765771865845
0 0.49491373263299465 0.4321192763745785 0.02994842454791069 0.04981379956007004
0 0.915282404050231 0.6663472950458527 0.054502200335264206 0.08350914716720581
