0 0.36125247552990913 0.5845304876565933 0.03955886512994766 0.17689362168312073
0 0.39086753129959106 0.8431483209133148 0.06405246257781982 0.3121991753578186
0 0.6016098484396935 0.7141152396798134 0.06322364509105682 0.24714083969593048
0 0.2815521005541086 0.5306662768125534 0.04708259180188179 0.1515854299068451
0 0.6671374924480915 0.7062095031142235 0.05442772060632706 0.22731594741344452
0 0.2947296081110835 0.34824223816394806 0.0287919994443655 0.08001115918159485
0 0.7336999773979187 0.37095117941498756 0.030004501342773438 0.07955176383256912
0 0.7951433174312115 0.35208484157919884 0.05019225925207138 0.0770033523440361
0 0.15538881719112396 0.380150631070137 0.031062066555023193 0.09406641125679016
0 0.08752007596194744 0.3397998586297035 0.03550119325518608 0.05986906588077545
0 0.7727602124214172 0.9456124044954777 0.041249752044677734 0.10778028517961502
0 0.6646986957639456 0.4220595806837082 0.02758164331316948 0.17589613795280457
0 0.2520206868648529 0.4719276577234268 0.0278317928314209 0.08909335732460022
0 0.25676954071968794 0.35598139092326164 0.020726537331938744 0.06121065467596054
0 0.2372928522527218 0.39116325601935387 0.03702213615179062 0.09082364290952682
0 0.12364955246448517 0.34296372905373573 0.030813992023468018 0.0680130198597908
0 0.1395013928413391 0.3472906220704317 0.023254871368408203 0.03505251184105873
