0 0.6488617174327374 0.6669409796595573 0.07640137523412704 0.18523453176021576
0 0.1370326615869999 0.51492640376091 0.05450693517923355 0.10955810546875
0 0.833598293364048 0.7698415741324425 0.100613072514534 0.23470179736614227
0 0.9370986931025982 0.7552720829844475 0.10456981509923935 0.19061385095119476
0 0.07581358961760998 0.491166565567255 0.047806333750486374 0.09585172683000565
0 0.6568559166043997 0.5676969848573208 0.04997868463397026 0.10676180571317673
0 0.26769021712243557 0.4427836574614048 0.058583807200193405 0.08707309514284134
0 0.9661479219794273 0.7091584131121635 0.06767015159130096 0.16968129575252533
0 0.5005765203386545 0.5151200667023659 0.05178122594952583 0.10412521660327911
0 0.019617712125182152 0.5708331018686295 0.039235424250364304 0.16128036379814148
0 0.32397543266415596 0.4446639157831669 0.03852353245019913 0.07380778342485428
0 0.05334838293492794 0.6481140591204166 0.047113798558712006 0.09594900161027908
0 0.43728549405932426 0.4828897714614868 0.03363766521215439 0.06641006469726562
0 0.36746942438185215 0.468005433678627 0.038596440106630325 0.09711858630180359
0 0.5450274460017681 0.45589257404208183 0.04157223552465439 0.08441170305013657
0 0.5138103244826198 0.4359874166548252 0.021628236398100853 0.07192755490541458
0 0.4730710983276367 0.48603999242186546 0.023826122283935547 0.059493593871593475
0 0.4030393483117223 0.48459984362125397 0.029869580641388893 0.06744024157524109
0 0.5313444612547755 0.43209789879620075 0.022659873589873314 0.05052206292748451
0 0.41830093273893 0.43473693914711475 0.013997507281601429 0.040114764124155045
0 0.5498509649187326 0.4805908389389515 0.03563337400555611 0.09872559458017349
0 0.40211286023259163 0.4634028449654579 0.03886387497186661 0.0768413096666336
