0 0.46447017788887024 0.7314572483301163 0.06230521202087402 0.2588060200214386
0 0.7081620320677757 0.6899169757962227 0.08942918479442596 0.21097005903720856
0 0.3660603053867817 0.5806417614221573 0.05677662044763565 0.1503002941608429
0 0.9632714278995991 0.8879519626498222 0.07345447689294815 0.2210996001958847
0 0.11211234703660011 0.40497949346899986 0.04800195246934891 0.08218400925397873
0 0.9641751535236835 0.7919845506548882 0.07164964824914932 0.1701124757528305
0 0.5856045968830585 0.5151580274105072 0.04178128391504288 0.12989777326583862
0 0.30450660549104214 0.409834548830986 0.054874490946531296 0.09720340371131897
0 0.16747271455824375 0.3898302633315325 0.0450323112308979 0.060851458460092545
0 0.2549688573926687 0.3978894613683224 0.038370322436094284 0.06974118202924728
0 0.3835538271814585 0.4268781244754791 0.04550628736615181 0.07516610622406006
0 0.589036488905549 0.3972330875694752 0.03662686422467232 0.07187996059656143
0 0.6231370568275452 0.39251313731074333 0.04254293441772461 0.06854888051748276
0 0.5539884809404612 0.4151623919606209 0.03485708311200142 0.0747642070055008
0 0.2755472008138895 0.4632381834089756 0.05880694463849068 0.07977939397096634
0 0.349678348749876 0.5005165413022041 0.044438861310482025 0.10163523256778717
0 0.3448134958744049 0.4735058806836605 0.04362332820892334 0.09467142075300217
0 0.27486968599259853 0.4359184727072716 0.05482180044054985 0.08224080502986908
0 0.5559193845838308 0.45460018888115883 0.03411383554339409 0.05935651808977127
