0 0.320253174751997 0.7064470201730728 0.07863321155309677 0.28648093342781067
0 0.4123681075870991 0.5243852287530899 0.04992411285638809 0.16262325644493103
0 0.5675523653626442 0.7645361721515656 0.08141990005970001 0.47092705965042114
0 0.6086514703929424 0.6232493966817856 0.03727760165929794 0.19837269186973572
0 0.8517216555774212 0.370748620480299 0.03277911990880966 0.08986254781484604
0 0.2041401145979762 0.35339175164699554 0.02655581198632717 0.09067901968955994
0 0.767266595736146 0.35759542509913445 0.03546195104718208 0.08526774495840073
0 0.7747477767989039 0.4525163471698761 0.029670333489775658 0.09654176235198975
0 0.27376542054116726 0.3654183857142925 0.029687952250242233 0.08610352128744125
0 0.3166406750679016 0.4143022820353508 0.031148433685302734 0.11518512666225433
0 0.34163556061685085 0.45879514142870903 0.04320533201098442 0.12079557031393051
0 0.929274057969451 0.34824100136756897 0.03989763185381889 0.07574623823165894
0 0.3649005116894841 0.334879070520401 0.024964476004242897 0.05739021301269531
0 0.33587846159935 0.33005617931485176 0.01864755153656006 0.07366494089365005
0 0.898084307089448 0.3542963098734617 0.032958317548036575 0.05455919727683067
0 0.16754187922924757 0.31470281817018986 0.02958730421960354 0.04774947836995125
0 0.14355817437171936 0.32529654167592525 0.024059057235717773 0.03812984749674797
0 0.35678401589393616 0.29725426994264126 0.011919617652893066 0.022691261023283005
