0 0.6934785023331642 0.7402920201420784 0.09303231537342072 0.19892515242099762
0 0.8914642706513405 0.7426114082336426 0.09164781868457794 0.22934341430664062
0 0.5362372882664204 0.6372231766581535 0.06925234943628311 0.1705026477575302
0 0.6340363975614309 0.551316887140274 0.052029799669981 0.12597918510437012
0 0.986754572018981 0.7041371986269951 0.02649087831377983 0.10966978967189789
0 0.20942950807511806 0.4251559227705002 0.03802533075213432 0.07832697033882141
0 0.26561978086829185 0.4242049604654312 0.03855147212743759 0.07955411076545715
0 0.3956332094967365 0.44890690594911575 0.053537942469120026 0.09844644367694855
0 0.4729750454425812 0.5025492087006569 0.06323075294494629 0.10827149450778961
0 0.32887441478669643 0.4267368018627167 0.03025634214282036 0.06857931613922119
0 0.36470699310302734 0.4352632947266102 0.03502488136291504 0.09292022138834
0 0.5646363012492657 0.455792561173439 0.04275693744421005 0.09347555041313171
0 0.45553734339773655 0.44758982956409454 0.03209834173321724 0.07559636235237122
0 0.5697248466312885 0.4143940955400467 0.052480556070804596 0.06435123085975647
0 0.6012488128617406 0.4369797706604004 0.02017083205282688 0.05904197692871094
