0 0.7344197519123554 0.654951736330986 0.053540803492069244 0.17635294795036316
0 0.7595998644828796 0.59564258903265 0.05826568603515625 0.13140182197093964
0 0.8756773099303246 0.7072113826870918 0.06984023749828339 0.19392479956150055
0 0.04504586569964886 0.5548199713230133 0.0334116593003273 0.12535929679870605
0 0.9479702934622765 0.7355508878827095 0.09213142096996307 0.20978190004825592
0 0.5843874458223581 0.4756425693631172 0.03414611890912056 0.09107233583927155
0 0.5055395364761353 0.481654554605484 0.03456521034240723 0.09313362836837769
0 0.42213112115859985 0.45631805434823036 0.04270577430725098 0.08046794682741165
0 0.24047744274139404 0.6247724443674088 0.07285571098327637 0.1923140585422516
0 0.543911206535995 0.5260952450335026 0.029343461617827415 0.07755322009325027
0 0.9526787996292114 0.6655481979250908 0.08990764617919922 0.14652608335018158
0 0.32852145470678806 0.5321028716862202 0.026325155049562454 0.12313453108072281
0 0.24565531313419342 0.531627468764782 0.030151724815368652 0.08787702023983002
0 0.3098095767199993 0.640563603490591 0.036333583295345306 0.10648142546415329
0 0.4792346768081188 0.5048155002295971 0.031325481832027435 0.08157577365636826
0 0.4532115934416652 0.49533990398049355 0.02501354180276394 0.10653597861528397
0 0.30665476247668266 0.5290972478687763 0.03193094581365585 0.12247941642999649
0 0.5443550832569599 0.4612242169678211 0.039209939539432526 0.07978621870279312
0 0.2643744293600321 0.6305699609220028 0.037995386868715286 0.10895686596632004
0 0.4583953972905874 0.4621314238756895 0.033039044588804245 0.04799279198050499
0 0.5357795003801584 0.4443621300160885 0.028398800641298294 0.09357690066099167
