0 0.844199251383543 0.7548698633909225 0.093408964574337 0.23078307509422302
0 0.6641326323151588 0.6664143949747086 0.08136220276355743 0.1756381094455719
0 0.14806061424314976 0.5148073360323906 0.04573463276028633 0.12248454988002777
0 0.4942161850631237 0.5089052580296993 0.046609066426754 0.08754497021436691
0 0.9361737966537476 0.7746609970927238 0.09860992431640625 0.22084854543209076
0 0.10500789806246758 0.5110487602651119 0.05008126050233841 0.09749560803174973
0 0.2653698232024908 0.4552138186991215 0.04582018777728081 0.07294375449419022
0 0.6546400301158428 0.5747872516512871 0.056710146367549896 0.11518393456935883
0 0.5309789888560772 0.46083127334713936 0.0414368137717247 0.08946190029382706
0 0.010952889078090777 0.5726588666439056 0.02190559357404709 0.07714623212814331
0 0.9564337022602558 0.7034443914890289 0.08542261272668839 0.15324252843856812
0 0.08073981665074825 0.6451512649655342 0.055071908980607986 0.1747141033411026
0 0.03376409783959389 0.5928827002644539 0.04133639484643936 0.1886235624551773
0 0.3656168580055237 0.4664754532277584 0.03518569469451904 0.09614007920026779
0 0.42517830058932304 0.4756464995443821 0.04163708537817001 0.11085904389619827
0 0.3999951481819153 0.49305664002895355 0.03179430961608887 0.07384088635444641
0 0.32890893798321486 0.44624804705381393 0.03091285191476345 0.07328580319881439
0 0.49793835915625095 0.4513310641050339 0.02507643774151802 0.06343629956245422
0 0.45557660423219204 0.48285760544240475 0.020765971392393112 0.05480579659342766
0 0.049942657351493835 0.5659906044602394 0.04589080065488815 0.09973771870136261
0 0.5051438510417938 0.439852649345994 0.033728837966918945 0.05543755367398262
0 0.916789136826992 0.6724010482430458 0.0654027909040451 0.08907242119312286
0 0.5192160960286856 0.4360738769173622 0.029633712023496628 0.04324616491794586
