0 0.06013509817421436 0.6590804606676102 0.05044848844408989 0.1613864004611969
0 0.21592233143746853 0.6394772529602051 0.04164118692278862 0.17482829093933105
0 0.8961592093110085 0.742059737443924 0.09360571205615997 0.23232871294021606
0 0.3506884817034006 0.4580025039613247 0.04227857664227486 0.08750873059034348
0 0.7325894832611084 0.6875197440385818 0.06712841987609863 0.1730288565158844
0 0.7108486406505108 0.5823106355965137 0.059013985097408295 0.12453905493021011
0 0.10809853300452232 0.583525188267231 0.032523952424526215 0.13825131952762604
0 0.9547577612102032 0.7532033920288086 0.09048452228307724 0.21195411682128906
0 0.23050914146006107 0.517105832695961 0.044930268079042435 0.11086824536323547
0 0.27102374471724033 0.5437265783548355 0.03463249281048775 0.08519914746284485
0 0.15482588112354279 0.5923952758312225 0.03920561075210571 0.1922655701637268
0 0.519566435366869 0.5106717422604561 0.04198751598596573 0.09024395048618317
0 0.9667689427733421 0.6776720210909843 0.06576518714427948 0.11520682275295258
0 0.4434273187071085 0.49598604068160057 0.05347852781414986 0.11256235092878342
0 0.546928096562624 0.4780547749251127 0.03479156643152237 0.04982706531882286
0 0.4110022783279419 0.487723920494318 0.02366626262664795 0.06958431750535965
0 0.38899560645222664 0.4450388066470623 0.031617261469364166 0.048697493970394135
0 0.503913015127182 0.4298546090722084 0.03365039825439453 0.08690638840198517
0 0.4009709358215332 0.46604572609066963 0.03846120834350586 0.06360337883234024
0 0.5028032120317221 0.4548635371029377 0.02857489511370659 0.07373712211847305
0 0.9399913307279348 0.6603997312486172 0.05604047700762749 0.07977604120969772
