0 0.658969234675169 0.7743041217327118 0.10864105075597763 0.25611764192581177
0 0.867839552462101 0.7260536327958107 0.09607239067554474 0.21218736469745636
0 0.6238589882850647 0.5380973108112812 0.0486607551574707 0.11923883110284805
0 0.3200340811163187 0.4431679882109165 0.039974380284547806 0.09285587817430496
0 0.500716483220458 0.6228770539164543 0.05753679201006889 0.16937290132045746
0 0.44598038122057915 0.4936555400490761 0.05396761745214462 0.09446169435977936
0 0.24763631261885166 0.41514780186116695 0.035131264477968216 0.06225268170237541
0 0.19256851077079773 0.4232223182916641 0.040331363677978516 0.09095051884651184
0 0.5601814743131399 0.4480636492371559 0.04300208017230034 0.08946825563907623
0 0.4469239227473736 0.44013143330812454 0.03453864902257919 0.06709696352481842
0 0.3756357245147228 0.44476110115647316 0.057552121579647064 0.09284252673387527
0 0.6038202047348022 0.4121849127113819 0.02530646324157715 0.07120416313409805
0 0.3554437216371298 0.43149031326174736 0.027105163782835007 0.06654616445302963
0 0.5726610422134399 0.4118102714419365 0.03538179397583008 0.06511823832988739
0 0.3510551806539297 0.41273026540875435 0.028423737734556198 0.06345430761575699
