0 0.1418117620050907 0.664434514939785 0.0529155507683754 0.1865578144788742
0 0.9034728892147541 0.7375742197036743 0.09591636806726456 0.22592854499816895
0 0.9569558501243591 0.7389626801013947 0.08608675003051758 0.18682187795639038
0 0.7360545042902231 0.5785707756876945 0.05570535734295845 0.11530910432338715
0 0.25769961439073086 0.6272980570793152 0.039015721529722214 0.15770983695983887
0 0.5591759569942951 0.46923351660370827 0.04860291630029678 0.08872837573289871
0 0.7404637821018696 0.6548323333263397 0.05723915249109268 0.16023725271224976
0 0.156070607714355 0.587371401488781 0.03034207783639431 0.13908623158931732
0 0.9700793381780386 0.6697068177163601 0.05967540666460991 0.12354075163602829
0 0.20897848904132843 0.5811127722263336 0.05118030309677124 0.18982064723968506
0 0.5338338725268841 0.5134860761463642 0.0399567112326622 0.09780625253915787
0 0.3079090006649494 0.5517778471112251 0.03245256096124649 0.0899132639169693
0 0.3836303539574146 0.4459770433604717 0.03532824665307999 0.06874784082174301
0 0.47118169628083706 0.5037642605602741 0.051331471651792526 0.08731714636087418
0 0.27510924357920885 0.5289973542094231 0.030391240492463112 0.07358936965465546
0 0.5209817886352539 0.4407438486814499 0.030524015426635742 0.10381487011909485
0 0.429141903296113 0.48984454944729805 0.023695755749940872 0.10493079572916031
0 0.41740931291133165 0.4442328456789255 0.02696242369711399 0.061598289757966995
0 0.4503624979406595 0.49185996130108833 0.04032402113080025 0.11206559091806412
0 0.30075304489582777 0.48490175046026707 0.012182807549834251 0.04217414930462837
