0 0.5565050467848778 0.7509361952543259 0.07875017821788788 0.25541433691978455
0 0.7956530340015888 0.6878997460007668 0.08885011821985245 0.17508752644062042
0 0.4333375282585621 0.6028757467865944 0.06303916126489639 0.1698867827653885
0 0.15173733606934547 0.4084724001586437 0.04411820322275162 0.06687071174383163
0 0.39413716830313206 0.48583105579018593 0.048314619809389114 0.09220457822084427
0 0.6013813726603985 0.515375405550003 0.039627693593502045 0.10502243041992188
0 0.9816405065357685 0.7248395755887032 0.0367189422249794 0.10105480253696442
0 0.2047111839056015 0.4050138220191002 0.039792418479919434 0.0726996511220932
0 0.5541420690715313 0.4244818389415741 0.03812732547521591 0.06869888305664062
0 0.2863490395247936 0.41981858760118484 0.03710343688726425 0.08995361626148224
0 0.42400817945599556 0.4376564733684063 0.03872642666101456 0.07758339494466782
0 0.33053699880838394 0.44648944959044456 0.06311126053333282 0.09934823960065842
0 0.6206137184053659 0.3994371984153986 0.026877451688051224 0.0622456856071949
0 0.591810273937881 0.3831416666507721 0.02906975708901882 0.06669676303863525
0 0.58184814453125 0.40922142937779427 0.04105520248413086 0.06983909755945206
0 0.3326058145612478 0.40880516916513443 0.052532266825437546 0.07008709013462067
0 0.21203147154301405 0.41809577122330666 0.030316388234496117 0.05797208100557327
