0 0.8621215596795082 0.768064595758915 0.11694402992725372 0.22355063259601593
0 0.6756238453090191 0.645417608320713 0.07993616908788681 0.22926636040210724
0 0.28006405755877495 0.4550969563424587 0.04156484454870224 0.0812382623553276
0 0.9410299547016621 0.7806767076253891 0.11108694225549698 0.23213085532188416
0 0.49146666564047337 0.5194643549621105 0.049750614911317825 0.10585441440343857
0 0.04634027648717165 0.5916888862848282 0.06467658281326294 0.20348480343818665
0 0.1145988404750824 0.6247897148132324 0.05214434862136841 0.14506590366363525
0 0.9528627023100853 0.700315460562706 0.08658914268016815 0.14572033286094666
0 0.13306995294988155 0.5084021613001823 0.042305897921323776 0.09232877194881439
0 0.518232237547636 0.4703140966594219 0.052507780492305756 0.11120864003896713
0 0.37411979399621487 0.4796794727444649 0.039481114596128464 0.09808404743671417
0 0.3413155199959874 0.4476771764457226 0.030096912756562233 0.05662574619054794
0 0.1770867556333542 0.5172731690108776 0.051018476486206055 0.10285987704992294
0 0.39929995499551296 0.4775182157754898 0.03402573987841606 0.0860203206539154
0 0.44454370718449354 0.48806432634592056 0.026726817712187767 0.09068484604358673
0 0.4280024589970708 0.48057522252202034 0.02817096747457981 0.07577226310968399
0 0.4867572132498026 0.4498874805867672 0.028658438473939896 0.06661432236433029
0 0.5019407160580158 0.4396796729415655 0.03142700344324112 0.052366893738508224
0 0.4132961807772517 0.45568351075053215 0.022350406274199486 0.06748076528310776
0 0.18730461038649082 0.5456382967531681 0.04597126320004463 0.09345317631959915
