0 0.4138683136552572 0.7060329765081406 0.051213573664426804 0.22376510500907898
0 0.6560435779392719 0.683704636991024 0.09300694614648819 0.20085088908672333
0 0.9367379769682884 0.8882547616958618 0.12641648948192596 0.22349047660827637
0 0.9498205184936523 0.8341274037957191 0.10035896301269531 0.21621949970722198
0 0.3528488874435425 0.41990651935338974 0.044271230697631836 0.06694255769252777
0 0.5544028393924236 0.4229118414223194 0.03903665393590927 0.09529397636651993
0 0.316485995426774 0.4769948795437813 0.049813199788331985 0.1143474131822586
0 0.3308845516294241 0.5726181678473949 0.03988940641283989 0.11280127614736557
0 0.5930594559758902 0.38833773508667946 0.035776566714048386 0.0692458227276802
0 0.14558768644928932 0.38657714612782 0.043164096772670746 0.056644950062036514
0 0.5768412593752146 0.49382034316658974 0.03754406049847603 0.11496908217668533
0 0.09406479820609093 0.3960840590298176 0.04180344194173813 0.08496532589197159
0 0.23179108276963234 0.42637593299150467 0.06212160736322403 0.08993776142597198
0 0.24259299971163273 0.3949846960604191 0.03802042081952095 0.06085187941789627
0 0.2715111495926976 0.365374555811286 0.0198610071092844 0.03437964245676994
0 0.2919514300301671 0.39814774319529533 0.028171444311738014 0.03694631904363632
0 0.6206474546343088 0.3675673045217991 0.025945473462343216 0.06529093533754349
0 0.630120063200593 0.38247684948146343 0.035390663892030716 0.058837976306676865
