0 0.6526854410767555 0.8121311217546463 0.0733465701341629 0.31875601410865784
0 0.2733482476323843 0.5682193413376808 0.04298753663897514 0.16017015278339386
0 0.39212267473340034 0.6221566200256348 0.04455778747797012 0.18353915214538574
0 0.7260008230805397 0.7747415229678154 0.07538910210132599 0.2174006551504135
0 0.4954026862978935 0.8783541098237038 0.07081131637096405 0.2431327849626541
0 0.672715712338686 0.3757140263915062 0.034772492945194244 0.08423648774623871
0 0.6075930716469884 0.38526730611920357 0.0233627799898386 0.09490267187356949
0 0.7332515716552734 0.3592161573469639 0.04002523422241211 0.08488631993532181
0 0.23120469972491264 0.4709552451968193 0.03796424716711044 0.16231249272823334
0 0.1376369260251522 0.4046997055411339 0.03340635448694229 0.11058054864406586
0 0.6192505247890949 0.467959214001894 0.03905782848596573 0.07885453850030899
0 0.26512701250612736 0.35762831196188927 0.0377986915409565 0.07831274718046188
0 0.2240999462082982 0.36245372146368027 0.026586199179291725 0.06594441831111908
0 0.06354089453816414 0.35287891514599323 0.03377271443605423 0.05743781104683876
0 0.1034236941486597 0.3574189431965351 0.03328229859471321 0.05937127023935318
0 0.23830236122012138 0.3994508199393749 0.05042531341314316 0.0662635788321495
