0 0.6375309228897095 0.6696606278419495 0.04195833206176758 0.21642041206359863
0 0.575714897364378 0.7045888453722 0.05343761295080185 0.27125731110572815
0 0.3716106601059437 0.5657422170042992 0.04902765899896622 0.17689578235149384
0 0.34950464963912964 0.8011114001274109 0.07260799407958984 0.30800938606262207
0 0.6953920368105173 0.9094793349504471 0.05549650266766548 0.1802552044391632
0 0.7781488541513681 0.3721264526247978 0.032445479184389114 0.09876196086406708
0 0.30036087706685066 0.5108895525336266 0.04394683986902237 0.16198192536830902
0 0.17533384822309017 0.37632420286536217 0.034988414496183395 0.09466766566038132
0 0.2709662262350321 0.44205064326524734 0.029151249676942825 0.13292838633060455
0 0.7021956322714686 0.4054849147796631 0.030071591958403587 0.16639769077301025
0 0.24790399707853794 0.38556547462940216 0.036177922040224075 0.09370282292366028
0 0.1062700841575861 0.34126024693250656 0.03522609546780586 0.07426171004772186
0 0.3220988633111119 0.34617213159799576 0.027540231123566628 0.05745561420917511
0 0.13809224218130112 0.3372837472707033 0.031032323837280273 0.06016150489449501
0 0.28608645778149366 0.3381173014640808 0.018869852647185326 0.06215542554855347
0 0.8374099377542734 0.35604071244597435 0.05173330381512642 0.05975263565778732
0 0.3131064949557185 0.30787782929837704 0.011779284104704857 0.032316844910383224
0 0.8255649209022522 0.330431692302227 0.03016805648803711 0.040923818945884705
