0 0.4002139214426279 0.7171093374490738 0.05478530004620552 0.2412877380847931
0 0.6328741796314716 0.6639265567064285 0.08706269413232803 0.1794297993183136
0 0.9193086251616478 0.8850351348519325 0.13488321006298065 0.2298564463853836
0 0.320387726649642 0.566423662006855 0.047245096415281296 0.16531266272068024
0 0.9402891770005226 0.8275219276547432 0.11942167580127716 0.21863962709903717
0 0.5961227174848318 0.3883398324251175 0.0387691967189312 0.06684324145317078
0 0.13911528512835503 0.3868042938411236 0.04285003989934921 0.06314095109701157
0 0.3442257232964039 0.41474760696291924 0.04116497188806534 0.06954582780599594
0 0.21837168373167515 0.4282062463462353 0.05810051038861275 0.10157402604818344
0 0.6311242580413818 0.3756835050880909 0.03935599327087402 0.08053741604089737
0 0.306968891993165 0.47675663232803345 0.04121570661664009 0.10923224687576294
0 0.092568913474679 0.3971024937927723 0.049022067338228226 0.08906934410333633
0 0.5771204717457294 0.4980337545275688 0.0357879176735878 0.12927411496639252
0 0.5541345123201609 0.40792135149240494 0.03673749044537544 0.0731486827135086
0 0.28866995591670275 0.4042659830302 0.03107585944235325 0.044761743396520615
0 0.23609952256083488 0.39032723009586334 0.037883661687374115 0.06376126408576965
0 0.26870863419026136 0.36657816357910633 0.015420889481902122 0.03489500656723976
0 0.24146279133856297 0.40532214753329754 0.028206516057252884 0.0568712018430233
