0 0.8455937132239342 0.7516183257102966 0.09322290122509003 0.21916139125823975
0 0.6660430654883385 0.6673572137951851 0.08622054755687714 0.1770256906747818
0 0.10735615901648998 0.5149218700826168 0.053036581724882126 0.10482906550168991
0 0.26731483079493046 0.46307795494794846 0.04834477975964546 0.08502845466136932
0 0.15187692269682884 0.5197559408843517 0.04555901139974594 0.11572714895009995
0 0.08578140288591385 0.6464495584368706 0.04841604828834534 0.17345665395259857
0 0.655674684792757 0.5743052400648594 0.05606041103601456 0.10988307744264603
0 0.4928723871707916 0.5095747299492359 0.04795980453491211 0.08995119482278824
0 0.9348106160759926 0.7658147662878036 0.09376831352710724 0.20766207575798035
0 0.9562543258070946 0.6940867826342583 0.0842164009809494 0.1396474689245224
0 0.012224411591887474 0.5710790380835533 0.024448823183774948 0.07570843398571014
0 0.03835859056562185 0.5780231058597565 0.0468350425362587 0.15686839818954468
0 0.3653608150780201 0.4630541615188122 0.03197441250085831 0.0894264206290245
0 0.5258806105703115 0.4573189951479435 0.04616875573992729 0.08547795563936234
0 0.33125730231404305 0.4477149397134781 0.032609082758426666 0.0714656412601471
0 0.3985843900591135 0.4776223823428154 0.03625147417187691 0.10186652839183807
0 0.43189129792153835 0.4924052879214287 0.032675933092832565 0.07159911096096039
0 0.4939464684575796 0.4517013095319271 0.021839331835508347 0.07297151535749435
0 0.4538338426500559 0.4688368886709213 0.02322535589337349 0.07481053471565247
0 0.5125928521156311 0.436698354780674 0.02639007568359375 0.0479668527841568
0 0.9155537486076355 0.6677597314119339 0.05780601501464844 0.08654513955116272
