0 0.41597528383135796 0.6489906385540962 0.052385114133358 0.20873095095157623
0 0.6818935871124268 0.8136097639799118 0.08610177040100098 0.3124173581600189
0 0.7624251022934914 0.8444179147481918 0.10641713440418243 0.30102917551994324
0 0.2798627968877554 0.6109890565276146 0.042257022112607956 0.21143154799938202
0 0.5408611074090004 0.8989159241318703 0.0712101012468338 0.2007274180650711
0 0.6578005431219935 0.3749806508421898 0.030411815270781517 0.08798389136791229
0 0.14058293029665947 0.4180789589881897 0.04234876483678818 0.10794639587402344
0 0.2590454276651144 0.35973138362169266 0.037763308733701706 0.07816119492053986
0 0.5986538529396057 0.46425722539424896 0.028121232986450195 0.12502458691596985
0 0.23049677908420563 0.47153298556804657 0.04454171657562256 0.20740661025047302
0 0.5925784828141332 0.3866775259375572 0.02701892890036106 0.07952003180980682
0 0.10299115814268589 0.3674773871898651 0.034683097153902054 0.07157641649246216
0 0.06327112764120102 0.36717311292886734 0.04155367612838745 0.06774993240833282
0 0.7148931380361319 0.36050084978342056 0.035980891436338425 0.09136606752872467
0 0.2533934749662876 0.4052839148789644 0.03288552910089493 0.05734274163842201
0 0.21448525227606297 0.3655659407377243 0.021273303776979446 0.06535550951957703
0 0.12299295235425234 0.3820848148316145 0.022053087130188942 0.03953992947936058
