0 0.3660348057746887 0.6206633672118187 0.0390012264251709 0.2098020762205124
0 0.6155323628336191 0.774823471903801 0.058836985379457474 0.29740235209465027
0 0.42175524309277534 0.8675437867641449 0.06310222297906876 0.2646562457084656
0 0.2774813175201416 0.5457495003938675 0.042676448822021484 0.16774991154670715
0 0.6869841329753399 0.7504561543464661 0.06186380237340927 0.25481295585632324
0 0.7109580393880606 0.36877142637968063 0.0281648151576519 0.08792726695537567
0 0.07794438675045967 0.3550177067518234 0.03518500179052353 0.07088354229927063
0 0.28131623286753893 0.3521665595471859 0.026822948828339577 0.08809708803892136
0 0.6431943057104945 0.36616329476237297 0.024327849969267845 0.06696321815252304
0 0.6461099861189723 0.4436074495315552 0.02750859223306179 0.11993277072906494
0 0.23666428960859776 0.44483837485313416 0.043197084218263626 0.1684909462928772
0 0.11974265612661839 0.35260139405727386 0.0409180112183094 0.058248370885849
0 0.7722397930920124 0.35835860297083855 0.04286203533411026 0.05627032369375229
0 0.8256084080785513 0.9556077383458614 0.04267282411456108 0.0881909653544426
0 0.15007585007697344 0.3940407708287239 0.02809962071478367 0.056167855858802795
0 0.24383029900491238 0.3754464276134968 0.026459407061338425 0.07204435020685196
0 0.761471283622086 0.3326365686953068 0.021277332678437233 0.04390985518693924
