0 0.8618278726935387 0.7541566789150238 0.0955083817243576 0.22296303510665894
0 0.9380396828055382 0.7584742829203606 0.09925822913646698 0.221702441573143
0 0.29415410198271275 0.4620617441833019 0.04616277292370796 0.08009215444326401
0 0.14508870616555214 0.6769164018332958 0.05609526485204697 0.11739929765462875
0 0.4925795681774616 0.5121281296014786 0.04504833370447159 0.09936001896858215
0 0.6690019015222788 0.5849008373916149 0.054720211774110794 0.11148007959127426
0 0.1560615450143814 0.5171255953609943 0.055260539054870605 0.10518548637628555
0 0.19684810936450958 0.5064922198653221 0.04484432935714722 0.08826451003551483
0 0.06118951179087162 0.5996680483222008 0.07202697545289993 0.19653205573558807
0 0.9479637369513512 0.6875846087932587 0.08036498725414276 0.13342183828353882
0 0.5203897953033447 0.4609594829380512 0.037993669509887695 0.0841665044426918
0 0.3999796751886606 0.4852168932557106 0.041417885571718216 0.11064364016056061
0 0.34771027602255344 0.4461018778383732 0.0313367135822773 0.05673069506883621
0 0.4335367437452078 0.48780468851327896 0.04623455926775932 0.09772004187107086
0 0.37411887012422085 0.45904507860541344 0.027384471148252487 0.06278466433286667
0 0.4873827341943979 0.44648465886712074 0.03743033483624458 0.07109404355287552
0 0.3750463481992483 0.48001387529075146 0.025696586817502975 0.054611798375844955
0 0.42143306136131287 0.4797719791531563 0.03858041763305664 0.10669954121112823
0 0.4974869377911091 0.43779116682708263 0.032337285578250885 0.0516655407845974
0 0.3496057391166687 0.4628923572599888 0.029712677001953125 0.052160389721393585
