0 0.783511258661747 0.7119459733366966 0.10510845482349396 0.2188454121351242
0 0.4181334599852562 0.5969440117478371 0.06669251620769501 0.15774650871753693
0 0.5293707437813282 0.717693492770195 0.061986543238162994 0.2103191316127777
0 0.6022463925182819 0.5322360619902611 0.047986842691898346 0.13482843339443207
0 0.9791000597178936 0.7457669638097286 0.04179992526769638 0.12406366318464279
0 0.415412837639451 0.4336965046823025 0.04170887544751167 0.06925701349973679
0 0.143334049731493 0.4061793200671673 0.04983874410390854 0.06532105058431625
0 0.3809935860335827 0.47722475230693817 0.046019695699214935 0.08269098401069641
0 0.1964561641216278 0.39953459054231644 0.045424044132232666 0.06078775227069855
0 0.5529741402715445 0.4321184866130352 0.040520381182432175 0.08691795915365219
0 0.6242587566375732 0.3988821767270565 0.028714656829833984 0.06309496611356735
0 0.5837927702814341 0.4131205752491951 0.03872733190655708 0.08955027163028717
0 0.31531890481710434 0.44486116990447044 0.06435434520244598 0.08570527285337448
0 0.28203380666673183 0.40851476043462753 0.0404779426753521 0.07415114343166351
0 0.33417228423058987 0.42954083532094955 0.033913206309080124 0.07370410859584808
0 0.3059810400009155 0.3966129422187805 0.028751134872436523 0.05284470319747925
0 0.5983712198212743 0.39135396108031273 0.022765779867768288 0.04669206589460373
