0 0.37025389820337296 0.8405805230140686 0.0746663361787796 0.3188389539718628
0 0.36501031555235386 0.5913929715752602 0.04303162172436714 0.1958152800798416
0 0.6552480943500996 0.7288118302822113 0.05579052120447159 0.2806857228279114
0 0.29122673347592354 0.541833758354187 0.044428326189517975 0.180678129196167
0 0.7584141250699759 0.36645277589559555 0.03191347047686577 0.09364329278469086
0 0.6849063755944371 0.41380172967910767 0.02889695204794407 0.17046600580215454
0 0.5865971092134714 0.7478031814098358 0.05409078672528267 0.3352169394493103
0 0.3099076393991709 0.3427101597189903 0.02973191812634468 0.08554206788539886
0 0.7355774156749249 0.9239894896745682 0.058168791234493256 0.15202000737190247
0 0.1001247875392437 0.3502480313181877 0.04022230952978134 0.07438795268535614
0 0.27204300183802843 0.345919594168663 0.019714856520295143 0.07249525189399719
0 0.16932188533246517 0.39043913781642914 0.030236076563596725 0.06462809443473816
0 0.25002999044954777 0.43509719520807266 0.05171232298016548 0.16896136105060577
0 0.8174021597951651 0.3652963489294052 0.04709477350115776 0.07770046591758728
0 0.1296250056475401 0.34119873493909836 0.02932370826601982 0.06611673533916473
0 0.8055954817682505 0.3300228677690029 0.023453760892152786 0.04340796917676926
0 0.15766668040305376 0.3496561236679554 0.012942278757691383 0.034617699682712555
