0 0.7358278147876263 0.6639600917696953 0.057771824300289154 0.19108377397060394
0 0.8820831775665283 0.7024940997362137 0.06739377975463867 0.19880273938179016
0 0.22006413713097572 0.6513003334403038 0.061145879328250885 0.17942123115062714
0 0.03194362297654152 0.5650150775909424 0.03205327317118645 0.13711971044540405
0 0.7560787312686443 0.6006204932928085 0.06489147990942001 0.13631698489189148
0 0.9556615836918354 0.7210601046681404 0.08785305172204971 0.20271505415439606
0 0.2460457645356655 0.5972065627574921 0.050722621381282806 0.14621573686599731
0 0.29831219278275967 0.6343752555549145 0.03733820840716362 0.09438904374837875
0 0.41346941515803337 0.4492686465382576 0.03702869266271591 0.07828928530216217
0 0.3265407383441925 0.5372120141983032 0.029227375984191895 0.13671183586120605
0 0.5409767385572195 0.530457254499197 0.029055308550596237 0.10160403698682785
0 0.580774450674653 0.4697817414999008 0.033806610852479935 0.07931438088417053
0 0.29981136322021484 0.5070823580026627 0.022574782371520996 0.06687566637992859
0 0.49907489493489265 0.4882085472345352 0.03464470058679581 0.11118075251579285
0 0.96003632619977 0.6646715775132179 0.07844076305627823 0.14324183762073517
0 0.45003906451165676 0.48581863939762115 0.03286309167742729 0.13315322995185852
0 0.4759448654949665 0.5022111721336842 0.03348288685083389 0.07911292463541031
0 0.539439057931304 0.44641392305493355 0.04602498933672905 0.10673455148935318
0 0.29936761781573296 0.5623575691133738 0.039050959050655365 0.062271881848573685
0 0.9335762374103069 0.632741954177618 0.03831281512975693 0.08082979172468185
0 0.46295517683029175 0.45338056050240993 0.016724824905395508 0.04038352891802788
0 0.5578669309616089 0.4590670820325613 0.031311988830566406 0.05775786563754082
