0 0.7521015778183937 0.7790198624134064 0.11192269623279572 0.24023860692977905
0 0.5746240727603436 0.6321731358766556 0.06628289073705673 0.15344980359077454
0 0.9154373295605183 0.7581810802221298 0.09965477138757706 0.2224580943584442
0 0.031945397262461483 0.48924290761351585 0.06078271195292473 0.1134648248553276
0 0.6442474834620953 0.5600707083940506 0.04862799495458603 0.12663689255714417
0 0.48633945547044277 0.49277839064598083 0.06202692911028862 0.14153170585632324
0 0.977915370836854 0.716551274061203 0.04416923597455025 0.13368183374404907
0 0.22787495329976082 0.4329519085586071 0.03341732174158096 0.08155950158834457
0 0.2828278783708811 0.43136632815003395 0.03396742418408394 0.0635218694806099
0 0.34595243260264397 0.4490062855184078 0.034778498113155365 0.08997052162885666
0 0.41479507088661194 0.44971495494246483 0.047543883323669434 0.10022693127393723
0 0.5728505849838257 0.4617978520691395 0.05486106872558594 0.10877702385187149
0 0.37729361094534397 0.446617666631937 0.03348581865429878 0.10001034289598465
0 0.5795094128698111 0.4342029057443142 0.03701586648821831 0.08158450573682785
0 0.36452955566346645 0.41590093821287155 0.015809010714292526 0.040637120604515076
