0 0.5129351913928986 0.6612516343593597 0.07155919075012207 0.21178597211837769
0 0.3251653369516134 0.6653795912861824 0.0432780496776104 0.22303976118564606
0 0.7037228345870972 0.9220474064350128 0.06669044494628906 0.1559024453163147
0 0.5798362605273724 0.4874165989458561 0.045574091374874115 0.11945164948701859
0 0.2687636259943247 0.5317487716674805 0.04387657716870308 0.1412804126739502
0 0.1710144467651844 0.43402571231126785 0.04927638918161392 0.11791534721851349
0 0.8670624867081642 0.8552248179912567 0.12317104637622833 0.28218919038772583
0 0.8000266551971436 0.8533247411251068 0.11624407768249512 0.2907842993736267
0 0.5646973364055157 0.3982696048915386 0.03190173953771591 0.07630165666341782
0 0.6705526113510132 0.36578452959656715 0.03196549415588379 0.07736504822969437
0 0.6248486991971731 0.3886638209223747 0.03011031076312065 0.08436213433742523
0 0.21539765037596226 0.38092717342078686 0.03348921611905098 0.052328046411275864
0 0.07142075523734093 0.38083918392658234 0.04349683225154877 0.07127806544303894
0 0.11375590227544308 0.3766670189797878 0.03607238456606865 0.06220041960477829
0 0.2652260269969702 0.37457747757434845 0.04470009729266167 0.07187005877494812
0 0.26680267229676247 0.4338301196694374 0.043946363031864166 0.0826999694108963
0 0.28824448585510254 0.40798380970954895 0.047196030616760254 0.06777983903884888
0 0.5667852163314819 0.4212196283042431 0.028060436248779297 0.07074644416570663
0 0.2700691167265177 0.4620709642767906 0.04428725317120552 0.07430373132228851
0 0.29808641597628593 0.4242536574602127 0.036347292363643646 0.0628533661365509
