0 0.5704612359404564 0.7566851079463959 0.0871158093214035 0.2549169659614563
0 0.8044680133461952 0.6926485896110535 0.09259982407093048 0.18747007846832275
0 0.15855426713824272 0.40907513350248337 0.04819073528051376 0.0757637470960617
0 0.6041025165468454 0.5048634372651577 0.03950028494000435 0.08322542160749435
0 0.9834938887506723 0.7213727682828903 0.03301220014691353 0.09250971674919128
0 0.20877841114997864 0.40420573204755783 0.04136502742767334 0.06431744992733002
0 0.3986383378505707 0.48428700864315033 0.048282623291015625 0.08843782544136047
0 0.4385647587478161 0.6015087440609932 0.057141922414302826 0.17183198034763336
0 0.29684318974614143 0.42095784470438957 0.04916522651910782 0.08612921088933945
0 0.42803649231791496 0.4333951622247696 0.03754701465368271 0.060288578271865845
0 0.6197422500699759 0.40338150784373283 0.025043439120054245 0.06980451196432114
0 0.5545815117657185 0.43241989985108376 0.03611431270837784 0.08191252499818802
0 0.3340352885425091 0.4315233342349529 0.05200328677892685 0.08055122941732407
0 0.5751474499702454 0.4057929664850235 0.032007694244384766 0.06480678915977478
0 0.33432736434042454 0.4016001634299755 0.050916362553834915 0.0642404779791832
0 0.5885788798332214 0.3770171608775854 0.026587247848510742 0.057468097656965256
0 0.58778290823102 0.4117608517408371 0.03478846698999405 0.07160970568656921
