0 0.7379045002162457 0.6630531921982765 0.06166043132543564 0.18400879204273224
0 0.022451359778642654 0.567045085132122 0.03304420784115791 0.13909123837947845
0 0.8887771964073181 0.6962683796882629 0.06808900833129883 0.1823132038116455
0 0.20836874097585678 0.6598462983965874 0.06629393994808197 0.187736377120018
0 0.7525097839534283 0.5982169061899185 0.06451120227575302 0.13217154145240784
0 0.29133160039782524 0.6167820915579796 0.03697969764471054 0.1629353016614914
0 0.957223366945982 0.725152276456356 0.08379735797643661 0.17713801562786102
0 0.5394162414595485 0.5197608806192875 0.029889201745390892 0.11430341750383377
0 0.40694602206349373 0.4418383240699768 0.03548262268304825 0.06966620683670044
0 0.3227776885032654 0.5402408838272095 0.02839207649230957 0.13318020105361938
0 0.9640289172530174 0.6639067903161049 0.07168559730052948 0.1379602700471878
0 0.5733895190060139 0.4597027525305748 0.040119268000125885 0.07848463952541351
0 0.24161311611533165 0.575540192425251 0.05063893646001816 0.1786319762468338
0 0.4449564991518855 0.48395803198218346 0.02886209450662136 0.12471377104520798
0 0.4737568972632289 0.504763450473547 0.030396318063139915 0.08006524294614792
0 0.19465691410005093 0.5685185007750988 0.03681112453341484 0.1063130721449852
0 0.4989091996103525 0.5095598362386227 0.030086088925600052 0.08043526858091354
0 0.5376475937664509 0.44594981893897057 0.04667506366968155 0.09999453276395798
0 0.2966256681829691 0.5229777656495571 0.026918459683656693 0.06780713051557541
0 0.4502054341137409 0.4523193221539259 0.036899663507938385 0.05877011641860008
0 0.9284934401512146 0.6578435264527798 0.0318913459777832 0.05682741850614548
0 0.9353255983442068 0.6341527365148067 0.039598654955625534 0.07770305126905441
0 0.485256833024323 0.4516294579952955 0.020104074850678444 0.03975033387541771
