0 0.3973382767289877 0.5442011207342148 0.051764439791440964 0.16355255246162415
0 0.32570328563451767 0.7360154092311859 0.07892028987407684 0.2695130705833435
0 0.5597677119076252 0.6895129829645157 0.050062038004398346 0.28388264775276184
0 0.32373981550335884 0.4902739003300667 0.04769883304834366 0.16071255505084991
0 0.749526965431869 0.43739357590675354 0.027905559167265892 0.10406243801116943
0 0.7449125172570348 0.35598115250468254 0.03111567534506321 0.08284225314855576
0 0.3492781165987253 0.337080392986536 0.021387744694948196 0.06429243832826614
0 0.6168760303407907 0.6496629118919373 0.0397062785923481 0.2184925079345703
0 0.827549684792757 0.3649715222418308 0.034587956964969635 0.0964636281132698
0 0.26403332874178886 0.3740750849246979 0.03186299651861191 0.08460652828216553
0 0.19570253510028124 0.3718784488737583 0.024517083540558815 0.06527019292116165
0 0.29890097957104445 0.4288063906133175 0.028105711564421654 0.10336583107709885
0 0.15721016563475132 0.3274659104645252 0.03127162531018257 0.059945084154605865
0 0.9017840148881078 0.3563692681491375 0.027438068762421608 0.06146784871816635
0 0.6183709744364023 0.8736355602741241 0.05306058004498482 0.25102394819259644
0 0.13035054877400398 0.3229366075247526 0.037141598761081696 0.04944845661520958
0 0.3189314128831029 0.33277567103505135 0.019368434324860573 0.0785471573472023
0 0.874481713399291 0.3498968295753002 0.032712649554014206 0.060989104211330414
0 0.8862391472794116 0.3189689237624407 0.013855171389877796 0.03154570236802101
0 0.18491280684247613 0.3330466579645872 0.01156915444880724 0.03516080603003502
0 0.33978853840380907 0.29340785369277 0.012635612860321999 0.021133296191692352
