0 0.6034582741558552 0.6594184413552284 0.0777197852730751 0.1790134459733963
0 0.7798414938151836 0.7486923635005951 0.10226049274206161 0.2068440318107605
0 0.9229646921157837 0.7487199679017067 0.09243917465209961 0.20393557846546173
0 0.650273060426116 0.5651505514979362 0.048105668276548386 0.13021062314510345
0 0.07687071710824966 0.5056563429534435 0.06813955307006836 0.12061598151922226
0 0.4964253958314657 0.5098695456981659 0.05391998216509819 0.12511783838272095
0 0.24074498377740383 0.4383425675332546 0.034400295466184616 0.07982944697141647
0 0.9745349884033203 0.6942544467747211 0.050930023193359375 0.12233445793390274
0 0.3553185947239399 0.4553165175020695 0.0376342311501503 0.09194255620241165
0 0.3874548375606537 0.45455168560147285 0.04735422134399414 0.09249398857355118
0 0.018137565235520015 0.4826378785073757 0.0362413190305233 0.09016787260770798
0 0.42562335729599 0.4650297723710537 0.05117511749267578 0.10795067995786667
0 0.29701914824545383 0.43744485080242157 0.04007129743695259 0.07996639609336853
0 0.5612620711326599 0.46286432072520256 0.045374393463134766 0.08728989213705063
0 0.4767259303480387 0.44696113280951977 0.026193667203187943 0.05530666932463646
0 0.47866128105670214 0.47082639671862125 0.023783350363373756 0.05636914446949959
0 0.5493741752579808 0.43460212647914886 0.02607288397848606 0.07275369763374329
0 0.5761687755584717 0.43581550009548664 0.020420551300048828 0.0417158342897892
