0 0.3989974744617939 0.5365057736635208 0.05034682899713516 0.15249624848365784
0 0.3249026648700237 0.7165822088718414 0.07936670631170273 0.25064629316329956
0 0.7532969834282994 0.43501273915171623 0.029723787680268288 0.10488256067037582
0 0.32640827260911465 0.48713963478803635 0.04572493955492973 0.1571217030286789
0 0.3518525715917349 0.3384288139641285 0.02229602262377739 0.06312141567468643
0 0.5594836957752705 0.6919036209583282 0.05222687870264053 0.28894728422164917
0 0.7484118463471532 0.3542913384735584 0.031151914969086647 0.07851914316415787
0 0.616077184677124 0.6484056711196899 0.04269981384277344 0.2170391082763672
0 0.8333495501428843 0.3659886494278908 0.03867940977215767 0.09191788733005524
0 0.3013095138594508 0.42805733531713486 0.028353190049529076 0.12082456052303314
0 0.322256987914443 0.3391188643872738 0.018514107912778854 0.06546138972043991
0 0.15846545714884996 0.32089830189943314 0.028485679998993874 0.04548157751560211
0 0.13168044947087765 0.3233436234295368 0.03503323718905449 0.05326489359140396
0 0.19658786058425903 0.36349769681692123 0.03035581111907959 0.09523175656795502
0 0.26579094491899014 0.3648886866867542 0.032915543764829636 0.07168255001306534
0 0.905274617485702 0.35612463392317295 0.0293255802243948 0.055550385266542435
0 0.8772443179041147 0.35665611177682877 0.031101513653993607 0.06903232634067535
0 0.34380391240119934 0.2930907029658556 0.01195061206817627 0.021481577306985855
