0 0.7092240229249 0.7518746703863144 0.0983697921037674 0.21895799040794373
0 0.5507681854069233 0.6451265290379524 0.07853207737207413 0.17828954756259918
0 0.8981065526604652 0.724708303809166 0.08950634300708771 0.19387885928153992
0 0.21614479087293148 0.4263603426516056 0.03693277761340141 0.08058781176805496
0 0.9841283205896616 0.699101198464632 0.03174333646893501 0.11170480400323868
0 0.01651090197265148 0.5063276402652264 0.03302180394530296 0.08621092885732651
0 0.6354336496442556 0.5399519242346287 0.04835100099444389 0.10585195571184158
0 0.40379080735147 0.4558372125029564 0.054032158106565475 0.11396674811840057
0 0.4756903760135174 0.4802144914865494 0.05549206584692001 0.14039120078086853
0 0.27048828080296516 0.4261971674859524 0.03828082233667374 0.0754733607172966
0 0.3685169331729412 0.4403701573610306 0.035639069974422455 0.09177318215370178
0 0.334730863571167 0.4312962032854557 0.03260600566864014 0.06985235959291458
0 0.5659260042011738 0.454532228410244 0.041387178003787994 0.08918486535549164
0 0.5954110026359558 0.4184751845896244 0.022599220275878906 0.0660601332783699
0 0.5671258326619864 0.4185164961963892 0.04277176782488823 0.0478719063103199
0 0.5803135875612497 0.4148882254958153 0.02816014364361763 0.04997609555721283
