0 0.6382912173867226 0.6677402928471565 0.07888765633106232 0.17688466608524323
0 0.828818716108799 0.7396798580884933 0.11647816002368927 0.19533750414848328
0 0.656483793631196 0.5895180404186249 0.05221681669354439 0.1481732726097107
0 0.934263251721859 0.778687059879303 0.10323409736156464 0.23517167568206787
0 0.25699184834957123 0.4518054910004139 0.04220926761627197 0.09420488029718399
0 0.11765873432159424 0.5055193044245243 0.04889953136444092 0.12263471633195877
0 0.06285774521529675 0.5023757293820381 0.0522889606654644 0.11188282072544098
0 0.032564014196395874 0.6178362667560577 0.06512802839279175 0.20018035173416138
0 0.9678661823272705 0.7047348394989967 0.06426763534545898 0.14275296032428741
0 0.3994581401348114 0.46914268657565117 0.04483497142791748 0.10148056596517563
0 0.4315068181604147 0.4685651734471321 0.04540367051959038 0.10428012907505035
0 0.3654668750241399 0.4594467915594578 0.030859852209687233 0.09582854062318802
0 0.3184472732245922 0.4363313168287277 0.03877856582403183 0.06517431139945984
0 0.5015528313815594 0.5095342472195625 0.04887976497411728 0.10013003647327423
0 0.5552208665758371 0.45706240087747574 0.043645668774843216 0.09367235004901886
0 0.5247829677537084 0.4483708292245865 0.023746633902192116 0.09644970297813416
0 0.48001732863485813 0.4616469368338585 0.030277539044618607 0.07965736091136932
0 0.01001196913421154 0.5440916940569878 0.02002393826842308 0.05570898950099945
