0 0.7582112327218056 0.7673270180821419 0.1118442565202713 0.23021210730075836
0 0.9183725006878376 0.7628263831138611 0.10393247753381729 0.22864222526550293
0 0.5773317329585552 0.642404817044735 0.06447925418615341 0.17217640578746796
0 0.6479215864092112 0.5655382201075554 0.05132465437054634 0.13060937821865082
0 0.23058833181858063 0.4403092823922634 0.03506147861480713 0.08383797854185104
0 0.41515890322625637 0.45431067049503326 0.0477873794734478 0.10687938332557678
0 0.9776626471430063 0.7142512500286102 0.04467468336224556 0.13832825422286987
0 0.34663141891360283 0.4485347643494606 0.03364505618810654 0.0913066416978836
0 0.48581765964627266 0.48987188190221786 0.05951819568872452 0.13701646029949188
0 0.04550410807132721 0.5053479671478271 0.03662591427564621 0.07462722063064575
0 0.28303011134266853 0.43350953981280327 0.03215954452753067 0.0700388178229332
0 0.37896459735929966 0.4497675150632858 0.03483300283551216 0.10536465048789978
0 0.5732699632644653 0.45784593746066093 0.057018280029296875 0.10948248952627182
0 0.017713572829961777 0.455951564013958 0.023103924468159676 0.048957571387290955
0 0.3654327988624573 0.4150487445294857 0.015796542167663574 0.03721766918897629
0 0.010663832615385616 0.5004981942474842 0.021327462047338486 0.06820610910654068
0 0.5640593413263559 0.42087141424417496 0.03971748426556587 0.06276537477970123
