0 0.43429921939969063 0.5215855687856674 0.05055985599756241 0.1585576832294464
0 0.5490728858858347 0.749033197760582 0.04972224310040474 0.4457111060619354
0 0.3265548348426819 0.6624807491898537 0.07642817497253418 0.2060660868883133
0 0.6022325046360493 0.6225747913122177 0.04218588024377823 0.2116924226284027
0 0.8014716152101755 0.4468616135418415 0.03256850317120552 0.1003296747803688
0 0.792992377653718 0.34810690209269524 0.03618626669049263 0.06448622792959213
0 0.38453471660614014 0.3220950923860073 0.02360379695892334 0.07880549877882004
0 0.9305326230823994 0.3614218644797802 0.03736267238855362 0.0838632807135582
0 0.18158351443707943 0.3170362524688244 0.026156138628721237 0.05340232700109482
0 0.35883030854165554 0.4670037552714348 0.04987890645861626 0.1322927325963974
0 0.3568248990923166 0.3283322677016258 0.017370987683534622 0.07779733836650848
0 0.9682754157111049 0.355968713760376 0.02859506569802761 0.057496070861816406
0 0.3366202414035797 0.4117286242544651 0.026922106742858887 0.07093251496553421
0 0.8878612276166677 0.37025659158825874 0.02980346605181694 0.06901416927576065
0 0.2892571333795786 0.3633360415697098 0.0332518108189106 0.07413241267204285
0 0.1603854475542903 0.32315121591091156 0.026572322472929955 0.06311717629432678
0 0.21955343522131443 0.3418491929769516 0.026080060750246048 0.07373830676078796
0 0.8794475439935923 0.334661602973938 0.016423989087343216 0.03697013854980469
0 0.8815814256668091 0.3914341554045677 0.01893758773803711 0.04098837077617645
0 0.9542402978986502 0.31949273217469454 0.0157744400203228 0.02997286058962345
