0 0.7297415733337402 0.6601904779672623 0.05841660499572754 0.17722681164741516
0 0.7724506855010986 0.5917450897395611 0.07516050338745117 0.12180807441473007
0 0.8672197461128235 0.7028588503599167 0.06621074676513672 0.20758399367332458
0 0.06950976327061653 0.5647200718522072 0.03423368185758591 0.1405174285173416
0 0.5884623769670725 0.46714119613170624 0.03211622312664986 0.09209039807319641
0 0.012383846566081047 0.5727443546056747 0.024767693132162094 0.13245460391044617
0 0.5443338397890329 0.5301011502742767 0.027071524411439896 0.07986891269683838
0 0.43363884650170803 0.448962289839983 0.0381743423640728 0.07569435983896255
0 0.9428478106856346 0.6462643444538116 0.07987575232982635 0.12723881006240845
0 0.2613763138651848 0.6292099729180336 0.08228664100170135 0.21205313503742218
0 0.3266049213707447 0.5901759937405586 0.045408107340335846 0.23671557009220123
0 0.9506011977791786 0.7179596275091171 0.0968744307756424 0.1741301715373993
0 0.4634458841755986 0.5064233019948006 0.026918554678559303 0.07000084221363068
0 0.5174435973167419 0.5090283453464508 0.025875329971313477 0.0780070424079895
0 0.4649100545793772 0.450873039662838 0.032225657254457474 0.06028531491756439
0 0.48665910959243774 0.506888210773468 0.030962705612182617 0.08418524265289307
0 0.5528737306594849 0.46108013950288296 0.02661609649658203 0.06234694644808769
0 0.5110789947211742 0.4922025017440319 0.037172459065914154 0.08847054094076157
0 0.5350782396271825 0.4336314983665943 0.01803007163107395 0.04471550136804581
