0 0.5775811672210693 0.7150980830192566 0.05267477035522461 0.2817143201828003
0 0.7037252672016621 0.9113318398594856 0.05999479442834854 0.17528297007083893
0 0.37018632888793945 0.5662584900856018 0.0474773645401001 0.1671552062034607
0 0.3535214364528656 0.8088323324918747 0.07348287105560303 0.31151923537254333
0 0.6405771262943745 0.6798312813043594 0.042868472635746 0.23007062077522278
0 0.2975042574107647 0.5043571516871452 0.04688265174627304 0.1413816660642624
0 0.7732170112431049 0.36549539864063263 0.03176245838403702 0.08637669682502747
0 0.17358987964689732 0.3772789537906647 0.035515595227479935 0.09392577409744263
0 0.3194457236677408 0.34809229150414467 0.0258745439350605 0.05985815078020096
0 0.698067843914032 0.3642125613987446 0.027849435806274414 0.08204547315835953
0 0.2689690114930272 0.44478999450802803 0.02886989153921604 0.07966897636651993
0 0.13687696121633053 0.3377777189016342 0.028631340712308884 0.057839542627334595
0 0.10324385203421116 0.34131669253110886 0.031849343329668045 0.07099603116512299
0 0.844396973028779 0.35878610983490944 0.028773117810487747 0.05389798432588577
0 0.28414071816951036 0.3528244197368622 0.01953568495810032 0.052540481090545654
0 0.24588843248784542 0.38842135295271873 0.03460080549120903 0.09162282198667526
0 0.8218664051964879 0.359526801854372 0.026265526190400124 0.0729961171746254
0 0.26017220318317413 0.3789922967553139 0.037873268127441406 0.06337286531925201
0 0.8218555925413966 0.3300647232681513 0.0279217716306448 0.04294361546635628
