0 0.1576774176210165 0.6464748680591583 0.057244133204221725 0.18032044172286987
0 0.7070527896285057 0.6848879605531693 0.08738569915294647 0.19461050629615784
0 0.8695688620209694 0.7334061115980148 0.09135694801807404 0.18469437956809998
0 0.6767300367355347 0.5830711796879768 0.054834842681884766 0.10855318605899811
0 0.3046792261302471 0.4601566642522812 0.04600097984075546 0.09236505627632141
0 0.9433784373104572 0.7376029789447784 0.09390316158533096 0.16043132543563843
0 0.9517475143074989 0.6750617437064648 0.08959122002124786 0.1107146367430687
0 0.21057206019759178 0.5238266587257385 0.04220988601446152 0.11534911394119263
0 0.49890634417533875 0.5205696150660515 0.04999423027038574 0.10056500136852264
0 0.07572942599654198 0.5819045603275299 0.07936156541109085 0.1650978922843933
0 0.521472405642271 0.45589805394411087 0.03816714137792587 0.0703522115945816
0 0.38364500366151333 0.4862830825150013 0.023175429552793503 0.05236206203699112
0 0.43337533436715603 0.4925373047590256 0.04193301126360893 0.0947130024433136
0 0.176656236872077 0.5232318975031376 0.03347570821642876 0.06642252951860428
0 0.40730298683047295 0.49218781664967537 0.04031708091497421 0.12150374799966812
0 0.35425032395869493 0.4543972723186016 0.028176212683320045 0.06674965471029282
0 0.4886455237865448 0.4576059393584728 0.03247427940368652 0.1001492366194725
0 0.1548759015277028 0.4785858355462551 0.013566875830292702 0.03782039135694504
