0 0.6495600938796997 0.6707467511296272 0.08311796188354492 0.1906309276819229
0 0.83133514970541 0.7617276161909103 0.10072307288646698 0.2296348512172699
0 0.07425828464329243 0.48972413316369057 0.048369962722063065 0.09221411496400833
0 0.9357358813285828 0.754003494977951 0.0974874496459961 0.18589049577713013
0 0.6575510744005442 0.5679941587150097 0.04956870153546333 0.11312230676412582
0 0.13303175941109657 0.513412594795227 0.054304398596286774 0.11646240949630737
0 0.25808628462255 0.44184426218271255 0.03831608220934868 0.08355255424976349
0 0.966516338288784 0.7026826068758965 0.06696729362010956 0.13790737092494965
0 0.3240658286958933 0.44605671614408493 0.038574863225221634 0.08299170434474945
0 0.01854068490501959 0.5796332135796547 0.03666035085916519 0.1671755462884903
0 0.3680436499416828 0.46546415984630585 0.03705296665430069 0.09342405200004578
0 0.0500276405364275 0.647676158696413 0.04926863685250282 0.0969444289803505
0 0.5021341256797314 0.5117706917226315 0.04861917346715927 0.09137814491987228
0 0.5460416562855244 0.4550904557108879 0.041929103434085846 0.09224234521389008
0 0.40165551379323006 0.47594622522592545 0.04107318073511124 0.11067284643650055
0 0.5180863616988063 0.4508353415876627 0.02228674851357937 0.051611412316560745
0 0.4370651300996542 0.4804430138319731 0.033463191241025925 0.056434717029333115
0 0.47638391237705946 0.48497836850583553 0.02753577195107937 0.0597442202270031
0 0.41945279855281115 0.43579885363578796 0.01487126387655735 0.04088813066482544
