0 0.3944281879812479 0.5454123541712761 0.05072980001568794 0.16123966872692108
0 0.32657383754849434 0.749904602766037 0.07866892963647842 0.27268821001052856
0 0.6193755026906729 0.66200041025877 0.04142780229449272 0.22642050683498383
0 0.5613609794527292 0.6821284741163254 0.04903297498822212 0.2603394687175751
0 0.3234534915536642 0.4952050969004631 0.04923398420214653 0.16306720674037933
0 0.29611299000680447 0.43168556690216064 0.02777845785021782 0.11372506618499756
0 0.8244712240993977 0.37801390513777733 0.031699277460575104 0.06372153013944626
0 0.7414921522140503 0.3569764234125614 0.030731201171875 0.07982427626848221
0 0.34632033109664917 0.3298305794596672 0.02346062660217285 0.08321069180965424
0 0.26149770617485046 0.3797398768365383 0.031091928482055664 0.09292208403348923
0 0.12665542401373386 0.32447841577231884 0.03366677835583687 0.05030977353453636
0 0.19279261864721775 0.36030565202236176 0.02765129879117012 0.08871129155158997
0 0.8963825227692723 0.35667307674884796 0.027573013678193092 0.06444981694221497
0 0.15732233226299286 0.3372794296592474 0.02571779489517212 0.04181448742747307
0 0.3156833527609706 0.3432275801897049 0.018113112077116966 0.053074032068252563
0 0.3146520974114537 0.3237928431481123 0.019420767202973366 0.05362122878432274
0 0.8141231890767813 0.3346398323774338 0.016996096819639206 0.036706119775772095
0 0.869276225566864 0.3597073517739773 0.03227710723876953 0.07494913786649704
0 0.3384865880943835 0.2966463677585125 0.010774803347885609 0.020829878747463226
