0 0.6252632364630699 0.652440533041954 0.06610231101512909 0.15947112441062927
0 0.8145747408270836 0.7762453258037567 0.11342649161815643 0.25016695261001587
0 0.6561176888644695 0.5838696509599686 0.056282900273799896 0.13442149758338928
0 0.9332202896475792 0.7805641368031502 0.11318378150463104 0.22965969145298004
0 0.2531608082354069 0.44872359186410904 0.03808245807886124 0.0908329039812088
0 0.4958550091832876 0.49431050568819046 0.06114764139056206 0.1432333141565323
0 0.0515368077903986 0.4950474351644516 0.05309920385479927 0.09756389260292053
0 0.1054408997297287 0.49565891548991203 0.04890620708465576 0.10966619104146957
0 0.9678897149860859 0.7034394517540932 0.06422052532434464 0.12849362194538116
0 0.024398712441325188 0.647455845028162 0.048797424882650375 0.10932714492082596
0 0.4311194606125355 0.4621168524026871 0.04278264194726944 0.10517421364784241
0 0.31449268385767937 0.44558121263980865 0.04489436000585556 0.0786871612071991
0 0.5604352839291096 0.45970017090439796 0.04203949123620987 0.10469961911439896
0 0.3617377392947674 0.4551466926932335 0.03363051265478134 0.08393935859203339
0 0.3941139094531536 0.4596916101872921 0.03954126685857773 0.09481095522642136
0 0.5320299621671438 0.44135821983218193 0.026873301714658737 0.08325865119695663
0 0.38116130232810974 0.483666829764843 0.044353485107421875 0.06850026547908783
0 0.38032448291778564 0.42649678513407707 0.014258623123168945 0.03585853427648544
