0 0.8665379770100117 0.7689869254827499 0.11890850216150284 0.22863587737083435
0 0.6780766732990742 0.6354974582791328 0.08041820675134659 0.2069806009531021
0 0.28371179662644863 0.4556931108236313 0.04161388799548149 0.07317373156547546
0 0.9421404711902142 0.775347113609314 0.11178340762853622 0.2210012674331665
0 0.49178084172308445 0.5147489681839943 0.047123003751039505 0.10159225761890411
0 0.05346808210015297 0.596193753182888 0.06791786849498749 0.19965265691280365
0 0.1854732148349285 0.5297269523143768 0.0548909530043602 0.12728077173233032
0 0.1415510457009077 0.5103959068655968 0.0465475432574749 0.09298019111156464
0 0.1261519305408001 0.6397861316800117 0.05185046046972275 0.15664638578891754
0 0.9524761214852333 0.7066190019249916 0.08487911522388458 0.16012950241565704
0 0.3450594302266836 0.4527399018406868 0.034738969057798386 0.07381655275821686
0 0.4335314631462097 0.4849298782646656 0.04172086715698242 0.09001723676919937
0 0.5207786560058594 0.47281740978360176 0.03264451026916504 0.07315186411142349
0 0.37086488027125597 0.4641709625720978 0.029614711180329323 0.066672682762146
0 0.4843962788581848 0.4566362723708153 0.024936437606811523 0.0691443532705307
0 0.3974411003291607 0.48439257591962814 0.03583993762731552 0.11276952922344208
0 0.4101513270288706 0.44396556355059147 0.017681170254945755 0.0467010922729969
0 0.9084680676460266 0.6678615733981133 0.044419288635253906 0.08207355439662933
0 0.5015451610088348 0.44006300158798695 0.02883458137512207 0.05273729935288429
