0 0.429084699600935 0.6474840641021729 0.048010967671871185 0.21412920951843262
0 0.28606260381639004 0.6248128786683083 0.04218645021319389 0.22153086960315704
0 0.5668766498565674 0.898858830332756 0.06969428062438965 0.20228144526481628
0 0.6503868456929922 0.37999869138002396 0.03277392312884331 0.08943076431751251
0 0.7017608061432838 0.8154243975877762 0.09213824570178986 0.31156376004219055
0 0.7747483141720295 0.8443592041730881 0.10073623806238174 0.30556246638298035
0 0.1443985141813755 0.4167848080396652 0.04336746782064438 0.10861065983772278
0 0.5904968734830618 0.4417524114251137 0.03317089006304741 0.18362678587436676
0 0.06425010226666927 0.3706892803311348 0.04252030327916145 0.07563389837741852
0 0.25864607468247414 0.3628678545355797 0.038645483553409576 0.07326804101467133
0 0.2146693291142583 0.376071710139513 0.02834191359579563 0.08720961958169937
0 0.7080185655504465 0.35790734365582466 0.03229861333966255 0.07476130872964859
0 0.23947377875447273 0.511898435652256 0.03597316890954971 0.14385969936847687
0 0.10190143063664436 0.3650187514722347 0.032499246299266815 0.07192277163267136
0 0.23702438175678253 0.44071440026164055 0.03227496147155762 0.0729379877448082
0 0.26095011830329895 0.41878170892596245 0.03907966613769531 0.0735289677977562
0 0.08094766363501549 0.3774521015584469 0.06630237400531769 0.06778102368116379
0 0.25795160606503487 0.3861734922975302 0.039530254900455475 0.05286521837115288
