0 0.8408353701233864 0.7631410136818886 0.10250134766101837 0.24020762741565704
0 0.14618507400155067 0.5093318969011307 0.04160819202661514 0.11490842700004578
0 0.6588406562805176 0.6578585803508759 0.07109189033508301 0.16502028703689575
0 0.264672989025712 0.4599672295153141 0.05185239389538765 0.0840613916516304
0 0.9357819557189941 0.7800139337778091 0.10965728759765625 0.2282288372516632
0 0.4948178827762604 0.5064257755875587 0.04675722122192383 0.0819072276353836
0 0.656540859490633 0.5778484009206295 0.0593474879860878 0.11322932690382004
0 0.9578107967972755 0.7079223319888115 0.08352871239185333 0.15641258656978607
0 0.10188105702400208 0.5115606486797333 0.05599266290664673 0.09890305995941162
0 0.3286500331014395 0.4451958201825619 0.03359575197100639 0.07416462153196335
0 0.5306217782199383 0.46371636912226677 0.046266935765743256 0.0975920781493187
0 0.07767217420041561 0.641153946518898 0.055607546120882034 0.17180302739143372
0 0.3944319374859333 0.47513578832149506 0.04149375110864639 0.10393121838569641
0 0.03072210680693388 0.6014897376298904 0.04036892205476761 0.16606882214546204
0 0.3635295331478119 0.46358321234583855 0.031522512435913086 0.09334220737218857
0 0.010059420950710773 0.5726668909192085 0.020118841901421547 0.07069040834903717
0 0.4303250666707754 0.47400013357400894 0.044507455080747604 0.10970522463321686
0 0.4569953382015228 0.4640796184539795 0.02290487289428711 0.07319098711013794
0 0.49869900941848755 0.45082548074424267 0.025135517120361328 0.0580742321908474
0 0.030627393163740635 0.5348445922136307 0.03512875363230705 0.0807407796382904
0 0.5008073449134827 0.42765530943870544 0.027953624725341797 0.0828816294670105
