0 0.7383893132209778 0.6663203462958336 0.06274247169494629 0.17841355502605438
0 0.014215480583516182 0.5694429948925972 0.0283362977206707 0.13970620930194855
0 0.8935146927833557 0.6992782056331635 0.07202291488647461 0.18542510271072388
0 0.28457844257354736 0.6236463710665703 0.03615677356719971 0.17078565061092377
0 0.7482986450195312 0.594558522105217 0.05733489990234375 0.13620445132255554
0 0.19339553453028202 0.6605195999145508 0.06038253381848335 0.1806640625
0 0.9569854624569416 0.7092514708638191 0.08517131954431534 0.1773938089609146
0 0.40280384942889214 0.4453563801944256 0.03336145728826523 0.0824706181883812
0 0.23534750938415527 0.583296500146389 0.04940152168273926 0.1921357959508896
0 0.31879029236733913 0.5325658693909645 0.03337390348315239 0.12227906286716461
0 0.18354224227368832 0.5660822093486786 0.04163629934191704 0.10648316144943237
0 0.5397058725357056 0.5175660848617554 0.031186819076538086 0.11176741123199463
0 0.4929305613040924 0.49475913122296333 0.0404973030090332 0.12279091030359268
0 0.5727198608219624 0.4615871123969555 0.03766141086816788 0.08906974643468857
0 0.2915793303400278 0.5196140855550766 0.02375631406903267 0.06161960959434509
0 0.9661068208515644 0.6529903635382652 0.0673728957772255 0.10155372321605682
0 0.4443589746952057 0.4891076721251011 0.03162670135498047 0.10768873244524002
0 0.46974560618400574 0.508619524538517 0.028198957443237305 0.08507461845874786
0 0.5289243217557669 0.44503940269351006 0.029830407351255417 0.07967474311590195
0 0.5383790843188763 0.45899553038179874 0.03376498073339462 0.057529110461473465
0 0.43871966004371643 0.448716938495636 0.025577545166015625 0.055616676807403564
0 0.5530407903715968 0.4426045995205641 0.029947852715849876 0.05087148770689964
0 0.45930789690464735 0.44746254570782185 0.017407989129424095 0.038566503673791885
