0 0.8359288796782494 0.7705129832029343 0.1039925068616867 0.23305651545524597
0 0.6498387567698956 0.6618499979376793 0.07523360103368759 0.18090884387493134
0 0.04010569304227829 0.6005651578307152 0.08021138608455658 0.22045491635799408
0 0.9330397248268127 0.7644439935684204 0.09884977340698242 0.20424139499664307
0 0.1398216336965561 0.5134781859815121 0.056614577770233154 0.12225519865751266
0 0.2672020439058542 0.44536973536014557 0.056456614285707474 0.08930668234825134
0 0.656105350703001 0.5718493647873402 0.050482891499996185 0.11259642988443375
0 0.9638663902878761 0.7023652419447899 0.07226724922657013 0.14068429172039032
0 0.07580939680337906 0.49318424612283707 0.04632145166397095 0.10170669853687286
0 0.3267516549676657 0.4403267279267311 0.03579111024737358 0.06309755146503448
0 0.5022348947823048 0.5273675099015236 0.051760293543338776 0.11348779499530792
0 0.3676227442920208 0.4670160412788391 0.03663434833288193 0.09477174282073975
0 0.40244237799197435 0.48130133002996445 0.02953782118856907 0.06455527245998383
0 0.5477545745670795 0.4789043292403221 0.03436789661645889 0.08037321269512177
0 0.5117128137499094 0.43907445296645164 0.02097301557660103 0.07385431975126266
0 0.43589418567717075 0.48026853054761887 0.03134350851178169 0.06479047238826752
0 0.47141375578939915 0.48640008829534054 0.02590160444378853 0.06100497767329216
0 0.5289503931999207 0.4316297024488449 0.022917747497558594 0.04867854714393616
0 0.38685770612210035 0.4360216483473778 0.01339266262948513 0.03620283305644989
