0 0.4264112114906311 0.6506215780973434 0.05144071578979492 0.21649691462516785
0 0.6951860897243023 0.8220290392637253 0.08934106677770615 0.32608434557914734
0 0.592280637472868 0.43980561941862106 0.03211059421300888 0.1806192845106125
0 0.7687742002308369 0.8420101255178452 0.1021343246102333 0.29980823397636414
0 0.28388249315321445 0.6352594122290611 0.04341893270611763 0.24008755385875702
0 0.6535336617380381 0.37705883383750916 0.03296952322125435 0.08765733242034912
0 0.5579679012298584 0.8994688540697098 0.06733393669128418 0.2003718912601471
0 0.14401327446103096 0.41892463713884354 0.04111757129430771 0.10783953964710236
0 0.709657633677125 0.35695625096559525 0.03297238424420357 0.07739032804965973
0 0.06274189800024033 0.3670014999806881 0.04037586599588394 0.06536435335874557
0 0.2589913122355938 0.36295051127672195 0.03858198970556259 0.0771801620721817
0 0.2285789307206869 0.4601151645183563 0.054694127291440964 0.2587621212005615
0 0.10226149670779705 0.36638521030545235 0.03160325810313225 0.07293186336755753
0 0.25642592273652554 0.4057535082101822 0.03807778283953667 0.06592831015586853
0 0.25670534931123257 0.3856575768440962 0.039055775851011276 0.04805653914809227
