0 0.7368359453976154 0.6689082533121109 0.0609951987862587 0.18148913979530334
0 0.8966032154858112 0.7067649960517883 0.06972751766443253 0.1952202320098877
0 0.28053684160113335 0.6253164783120155 0.03775908797979355 0.17156966030597687
0 0.011019574478268623 0.5719490572810173 0.022039148956537247 0.14142082631587982
0 0.7469541318714619 0.5783634446561337 0.055780984461307526 0.10889642685651779
0 0.183710727840662 0.6581042185425758 0.05402109771966934 0.17450137436389923
0 0.9583328366279602 0.7186971604824066 0.08223915100097656 0.17299741506576538
0 0.5390367629006505 0.5191013142466545 0.029802942648530006 0.09606276452541351
0 0.40010006353259087 0.448779858648777 0.034438274800777435 0.09185756742954254
0 0.4895024411380291 0.4950413927435875 0.03601779788732529 0.11837230622768402
0 0.3204283118247986 0.528300229460001 0.028815507888793945 0.1158912256360054
0 0.293379420414567 0.5109079256653786 0.03243892267346382 0.09944237768650055
0 0.570948040112853 0.45446189120411873 0.03996772691607475 0.0749807134270668
0 0.23223372735083103 0.5965440943837166 0.04655425623059273 0.14831949770450592
0 0.9690604917705059 0.6561027765274048 0.06156959384679794 0.10782814025878906
0 0.17908776365220547 0.5665879473090172 0.04127122089266777 0.10845832526683807
0 0.46334870532155037 0.4920496344566345 0.040229178965091705 0.12391340732574463
0 0.4432772044092417 0.5032309852540493 0.029040861874818802 0.07901149243116379
0 0.5379929784685373 0.45942595414817333 0.036208439618349075 0.05865728482604027
0 0.5512721780687571 0.4429992362856865 0.030858326703310013 0.050334081053733826
0 0.5743869189172983 0.47245957516133785 0.03315572813153267 0.05940822884440422
0 0.21749691106379032 0.5083472784608603 0.018577028065919876 0.04023284837603569
0 0.5265483614057302 0.4462982080876827 0.026511620730161667 0.08071034401655197
0 0.4390421034768224 0.47538529708981514 0.02589263953268528 0.08043823391199112
0 0.43254116736352444 0.44580694288015366 0.026063155382871628 0.05627988278865814
0 0.5209426879882812 0.41530996561050415 0.017510652542114258 0.05680114030838013
0 0.9497381448745728 0.6457879282534122 0.06621742248535156 0.08853132277727127
