0 0.3219863772392273 0.6720385998487473 0.04394412040710449 0.23301777243614197
0 0.5078264586627483 0.668022096157074 0.07299985736608505 0.2185661792755127
0 0.6918704621493816 0.9206036180257797 0.06464710086584091 0.15816065669059753
0 0.859930120408535 0.8589245527982712 0.11876468360424042 0.28213950991630554
0 0.5799099318683147 0.4844287931919098 0.04328956454992294 0.12456291913986206
0 0.7939265370368958 0.8521115481853485 0.1161184310913086 0.29015523195266724
0 0.5658159013837576 0.3971875384449959 0.032125186175107956 0.07518543303012848
0 0.16920983418822289 0.43414095416665077 0.04997523874044418 0.1159071996808052
0 0.26677300967276096 0.5337442383170128 0.0464053638279438 0.15653978288173676
0 0.6273471591994166 0.3878805860877037 0.029738521203398705 0.08603613078594208
0 0.6726711746305227 0.370909683406353 0.03203005716204643 0.09155188500881195
0 0.21412141900509596 0.3806118220090866 0.03031632862985134 0.052051693201065063
0 0.11352886632084846 0.37545254826545715 0.03722088783979416 0.06647616624832153
0 0.07438519969582558 0.38421905413269997 0.04803592711687088 0.07483936101198196
0 0.2699887156486511 0.38260313495993614 0.032658934593200684 0.05177515000104904
0 0.2663220576941967 0.45363377034664154 0.03635814040899277 0.06518194079399109
0 0.2986918743699789 0.4330366179347038 0.034252118319272995 0.06434576213359833
0 0.24749057879671454 0.4105038959532976 0.014262723736464977 0.04041171446442604
0 0.26123575307428837 0.43635599687695503 0.03690831735730171 0.06588164716959
0 0.28712501004338264 0.41002933494746685 0.04103908687829971 0.06158426031470299
