0 0.2883470896631479 0.4591419957578182 0.04584043100476265 0.07935100048780441
0 0.8650845512747765 0.7697208449244499 0.11161403357982635 0.23987863957881927
0 0.9420638307929039 0.7721331343054771 0.10837583243846893 0.2411295622587204
0 0.6668205261230469 0.5869904682040215 0.05820941925048828 0.10972438752651215
0 0.1311940662562847 0.6422297433018684 0.05048992484807968 0.1587381511926651
0 0.056832330301404 0.6030792146921158 0.06894665956497192 0.20690485835075378
0 0.6905295364558697 0.6787729263305664 0.06016125530004501 0.12812864780426025
0 0.18889592215418816 0.5164658799767494 0.048060737550258636 0.10615403950214386
0 0.49141551181674004 0.5077666267752647 0.04596986621618271 0.08972494304180145
0 0.9498388171195984 0.7038093656301498 0.08648490905761719 0.15974244475364685
0 0.14883497543632984 0.5146241337060928 0.051724422723054886 0.10321786999702454
0 0.5221689287573099 0.46765469014644623 0.05007677152752876 0.09755024313926697
0 0.4329631272703409 0.4894726015627384 0.04139070585370064 0.09637624770402908
0 0.3714746832847595 0.46662646532058716 0.026343226432800293 0.07414275407791138
0 0.482947850599885 0.4548594020307064 0.024666357785463333 0.06989657133817673
0 0.34550670348107815 0.45282960310578346 0.031383465975522995 0.07258177548646927
0 0.39845244213938713 0.4979276917874813 0.03267171233892441 0.07775675505399704
