0 0.5189339108765125 0.7077293172478676 0.06344661861658096 0.2061435729265213
0 0.7785400152206421 0.714170053601265 0.11224102973937988 0.22043779492378235
0 0.5983868129551411 0.5206713229417801 0.04211554676294327 0.11605313420295715
0 0.9766656514257193 0.7705784365534782 0.04666871950030327 0.15689896047115326
0 0.1370533797889948 0.4120171256363392 0.049519408494234085 0.08747444301843643
0 0.4048698656260967 0.587364062666893 0.05525233596563339 0.15532323718070984
0 0.5528039820492268 0.43324342370033264 0.04082999378442764 0.085776686668396
0 0.41184995137155056 0.43391021713614464 0.0432095043361187 0.06877987831830978
0 0.19306082464754581 0.4027495812624693 0.04459916427731514 0.0623907707631588
0 0.3759161178022623 0.49844246357679367 0.04786841943860054 0.12094853818416595
0 0.27773368917405605 0.41292310133576393 0.03464777395129204 0.08347303420305252
0 0.6267781974747777 0.39770721085369587 0.025118732824921608 0.05568555369973183
0 0.3149559311568737 0.4521891586482525 0.036897920072078705 0.05935325473546982
0 0.3222609404474497 0.4154788665473461 0.04233257845044136 0.10150464624166489
0 0.5805461406707764 0.3972616642713547 0.030901193618774414 0.06771489977836609
0 0.6000825287774205 0.39276536367833614 0.02350606955587864 0.05346743389964104
0 0.5853350404649973 0.4144267663359642 0.02409081533551216 0.06023763120174408
0 0.5954046603292227 0.3699643462896347 0.023442696779966354 0.053325504064559937
