0 0.27466580271720886 0.571360319852829 0.04082059860229492 0.1689653992652893
0 0.6457058675587177 0.7631099969148636 0.06930313259363174 0.261913925409317
0 0.3843609094619751 0.6055856049060822 0.04273056983947754 0.16069382429122925
0 0.7192347161471844 0.7700528129935265 0.06970753520727158 0.2286854237318039
0 0.139971312135458 0.3962593153119087 0.033489666879177094 0.10166318714618683
0 0.26788502372801304 0.3571712039411068 0.03586738184094429 0.07742869108915329
0 0.6788756605237722 0.38193220272660255 0.03334159776568413 0.0930495336651802
0 0.613228177651763 0.3867129907011986 0.025306176394224167 0.09585671126842499
0 0.7394410967826843 0.3580115884542465 0.04063749313354492 0.08030590415000916
0 0.6243546362966299 0.47867024317383766 0.03671092912554741 0.09301800280809402
0 0.47865723446011543 0.8750661537051201 0.06940899044275284 0.24906252324581146
0 0.2330653015524149 0.47038760781288147 0.04071180894970894 0.17613261938095093
0 0.10551421716809273 0.35825014114379883 0.03492448478937149 0.06630736589431763
0 0.22504247445613146 0.3646584376692772 0.026319289579987526 0.06127940118312836
0 0.06569164618849754 0.35615139454603195 0.036661989986896515 0.06562875211238861
0 0.245381367392838 0.40263403579592705 0.02908303774893284 0.04950430244207382
