0 0.36687266267836094 0.6175848096609116 0.03956012800335884 0.1914667785167694
0 0.26677896454930305 0.5636077225208282 0.06400857120752335 0.19353073835372925
0 0.6916820164769888 0.7569225803017616 0.05968303605914116 0.24036522209644318
0 0.6189517974853516 0.7844684571027756 0.061972618103027344 0.3095475137233734
0 0.4278343729674816 0.8693552911281586 0.062305234372615814 0.25871676206588745
0 0.6415597321465611 0.4213634580373764 0.029804373160004616 0.1761476695537567
0 0.2793795643374324 0.3536302149295807 0.026803946122527122 0.09053164720535278
0 0.7088183639571071 0.37014247104525566 0.026941632851958275 0.09074696153402328
0 0.832917857915163 0.9571366012096405 0.038950540125370026 0.08505028486251831
0 0.2362501434981823 0.4492986649274826 0.044039033353328705 0.17238476872444153
0 0.11338501609861851 0.35170613788068295 0.029499609023332596 0.05391983315348625
0 0.7707154266536236 0.3530975244939327 0.04461326450109482 0.0794510766863823
0 0.07755207270383835 0.3593912571668625 0.039095066487789154 0.07210424542427063
0 0.1477028038352728 0.3887195326387882 0.03207690641283989 0.08473975211381912
0 0.24308308959007263 0.3750114366412163 0.02528989315032959 0.0709746927022934
0 0.24183862190693617 0.3501287866383791 0.022904491052031517 0.05979493632912636
0 0.13422498712316155 0.3621044438332319 0.014933538623154163 0.033670660108327866
