0 0.7382637150585651 0.6914679855108261 0.09069094806909561 0.20023295283317566
0 0.5009471997618675 0.7383450418710709 0.08091263473033905 0.24841609597206116
0 0.5907904859632254 0.5087178200483322 0.03774399682879448 0.11091151833534241
0 0.12402495555579662 0.40117525681853294 0.04648710414767265 0.08194559067487717
0 0.3845101408660412 0.5827800557017326 0.05392589420080185 0.15854297578334808
0 0.397816801443696 0.42725252732634544 0.04708974435925484 0.06998109072446823
0 0.978291654959321 0.8895448073744774 0.04335908964276314 0.2169807404279709
0 0.5525023695081472 0.4303775802254677 0.03783268854022026 0.09926529228687286
0 0.1790413074195385 0.3956811334937811 0.040496908128261566 0.0557769350707531
0 0.31208039447665215 0.40063873678445816 0.04430236667394638 0.08058513700962067
0 0.9679958820343018 0.7627945803105831 0.06400823593139648 0.10300462692975998
0 0.3589384201914072 0.4868181385099888 0.04663901403546333 0.11541438847780228
0 0.5870653502643108 0.39684078097343445 0.04037012904882431 0.074637770652771
0 0.2795025948435068 0.4178145304322243 0.058329153805971146 0.09188736975193024
0 0.6260251756757498 0.39090961404144764 0.02657146379351616 0.06081271544098854
0 0.6072749020531774 0.3876836448907852 0.030083799734711647 0.05121150612831116
0 0.29714880511164665 0.4489855580031872 0.05046810954809189 0.05689527839422226
