0 0.6276516206562519 0.7910708039999008 0.06064353138208389 0.3314637839794159
0 0.2755675856024027 0.572317898273468 0.04225044324994087 0.179343581199646
0 0.37259839847683907 0.6257487908005714 0.03896794468164444 0.2042439728975296
0 0.7054188027977943 0.7901017516851425 0.07161588966846466 0.2821821868419647
0 0.2743669804185629 0.3557171858847141 0.028036069124937057 0.08553481847047806
0 0.6334248427301645 0.42758604884147644 0.031219054013490677 0.1779455542564392
0 0.6971662398427725 0.37352678924798965 0.028250645846128464 0.08734406530857086
0 0.07373964414000511 0.35570067912340164 0.03671448677778244 0.06247831881046295
0 0.7579861879348755 0.3598110117018223 0.04349327087402344 0.0914202407002449
0 0.14433345757424831 0.3949558064341545 0.03860635682940483 0.09888182580471039
0 0.23499074205756187 0.4587820842862129 0.04333844035863876 0.17330868542194366
0 0.11015794053673744 0.35513678565621376 0.03172341734170914 0.06413949280977249
0 0.8564776293933392 0.9652863219380379 0.041765592992305756 0.06928981840610504
0 0.23276281636208296 0.3515417091548443 0.022319650277495384 0.0650235041975975
0 0.115877166390419 0.3665603306144476 0.025427162647247314 0.048362117260694504
0 0.22956418711692095 0.36813444644212723 0.02754035033285618 0.05589510500431061
