0 0.731830108910799 0.7838213294744492 0.11437759548425674 0.2712843120098114
0 0.557991623878479 0.6432221010327339 0.06877708435058594 0.17896415293216705
0 0.9029255136847496 0.747260645031929 0.08816699683666229 0.23082080483436584
0 0.028615161776542664 0.51221027597785 0.05723032355308533 0.09186863154172897
0 0.6454336158931255 0.5476361773908138 0.0623108372092247 0.12200694531202316
0 0.9792903419584036 0.7316115498542786 0.04011411592364311 0.17476463317871094
0 0.4839694444090128 0.5150998458266258 0.05767660215497017 0.10939763486385345
0 0.22118366323411465 0.42869508638978004 0.036600660532712936 0.08755094558000565
0 0.4099778290838003 0.44608762860298157 0.0496259443461895 0.099681556224823
0 0.5660171750932932 0.4596474878489971 0.04299001768231392 0.09965362399816513
0 0.2764980383217335 0.4347548335790634 0.03500960022211075 0.08306142687797546
0 0.34140250086784363 0.44531869888305664 0.03755331039428711 0.08971816301345825
0 0.3721261266618967 0.4404209777712822 0.03567378595471382 0.09441380202770233
0 0.4654000401496887 0.4456581026315689 0.033672332763671875 0.06410619616508484
0 0.5928865550085902 0.4335436411201954 0.017996883019804955 0.056229569017887115
0 0.46811136044561863 0.46798450872302055 0.028882313519716263 0.06018545478582382
0 0.5680107586085796 0.4132782332599163 0.037862204015254974 0.05806037038564682
0 0.37644519843161106 0.46037067472934723 0.03122704103589058 0.07204708456993103
