0 0.3628852553665638 0.5923867523670197 0.03946242481470108 0.17007094621658325
0 0.605982219800353 0.7583864033222198 0.05883140489459038 0.2878287434577942
0 0.6764467470347881 0.7148006036877632 0.05557193607091904 0.2177349478006363
0 0.2781859990209341 0.5261947959661484 0.04691440984606743 0.14616021513938904
0 0.1547563700005412 0.39749304577708244 0.029442405328154564 0.08017285913228989
0 0.6543101193383336 0.4135220795869827 0.02836909331381321 0.17071738839149475
0 0.7227031588554382 0.3715812489390373 0.0319821834564209 0.08995060622692108
0 0.4053880460560322 0.8550094068050385 0.06455502659082413 0.28995031118392944
0 0.7854877598583698 0.356107447296381 0.048108674585819244 0.08517498522996902
0 0.23892498388886452 0.43721166253089905 0.04528794437646866 0.1742159128189087
0 0.0820717103779316 0.34571419283747673 0.03601645678281784 0.06314756721258163
0 0.7998881936073303 0.9504040852189064 0.04489636421203613 0.09742982685565948
0 0.2891655322164297 0.35873458720743656 0.025201987475156784 0.05778499320149422
0 0.1195224029943347 0.34791890159249306 0.029877280816435814 0.06546957045793533
0 0.2502385200932622 0.35080338828265667 0.02031245268881321 0.04475381597876549
0 0.2794907330535352 0.32562425918877125 0.01062707882374525 0.03684115782380104
0 0.12804557941854 0.3549408037215471 0.03547639772295952 0.05244326964020729
