0 0.12656396254897118 0.6762042567133904 0.05405097454786301 0.20366452634334564
0 0.7336953654885292 0.6421092078089714 0.06887669861316681 0.23127733170986176
0 0.9041420817375183 0.7351420223712921 0.0849618911743164 0.21654993295669556
0 0.956910990178585 0.7348042204976082 0.08602981269359589 0.1767956167459488
0 0.14614447951316833 0.58963293582201 0.031697988510131836 0.13809873163700104
0 0.24928683415055275 0.6172972694039345 0.04048488289117813 0.16052944958209991
0 0.3773539122194052 0.4539415165781975 0.035881590098142624 0.08984027802944183
0 0.19731001183390617 0.591841034591198 0.04225876182317734 0.1350005716085434
0 0.30306481197476387 0.5333960801362991 0.03404686599969864 0.13340827822685242
0 0.5310142748057842 0.5248646289110184 0.041217707097530365 0.10972043871879578
0 0.4680965431034565 0.5036858767271042 0.053356267511844635 0.08770069479942322
0 0.2633380088955164 0.5139404125511646 0.03223292902112007 0.09979370981454849
0 0.5553188566118479 0.45862097293138504 0.046044159680604935 0.07236666977405548
0 0.9682121761143208 0.6686202548444271 0.062399961054325104 0.11262279003858566
0 0.4263765811920166 0.49515148624777794 0.024701595306396484 0.11004876345396042
0 0.4099825266748667 0.44564600847661495 0.03074340894818306 0.06004337593913078
0 0.5202899686992168 0.4434875212609768 0.034516237676143646 0.06981324404478073
0 0.41603835206478834 0.4604960195720196 0.022372102364897728 0.043466947972774506
0 0.4523015860468149 0.44984398409724236 0.026061344891786575 0.036597274243831635
0 0.42171964049339294 0.4710349105298519 0.025234222412109375 0.06289469450712204
