0 0.557062029838562 0.6446133852005005 0.07311248779296875 0.18105757236480713
0 0.7225289344787598 0.7738431990146637 0.10318255424499512 0.25149184465408325
0 0.9009451642632484 0.7338213101029396 0.08839388191699982 0.21532054245471954
0 0.02463778480887413 0.5099183991551399 0.04927556961774826 0.08479084074497223
0 0.6442164070904255 0.5458160229027271 0.06101355701684952 0.1215609684586525
0 0.9810145609080791 0.7226915508508682 0.03797092288732529 0.15636864304542542
0 0.2194698043167591 0.42393720522522926 0.03697929531335831 0.0793464258313179
0 0.47985023260116577 0.5103842951357365 0.05166935920715332 0.10819859057664871
0 0.40822574496269226 0.44814080744981766 0.049637675285339355 0.10309596359729767
0 0.2734317295253277 0.4343511015176773 0.03651776164770126 0.08829548954963684
0 0.3401147723197937 0.43752069771289825 0.03491222858428955 0.0754065215587616
0 0.5652615316212177 0.45774324610829353 0.04076967388391495 0.09592310339212418
0 0.3715686984360218 0.4480839632451534 0.03851280361413956 0.1088700219988823
0 0.4652103967964649 0.44541245698928833 0.03396568447351456 0.06487905979156494
0 0.594632625579834 0.4309430681169033 0.019864320755004883 0.04946284741163254
0 0.5672070980072021 0.41121916472911835 0.03818774223327637 0.04946818947792053
0 0.5785734532400966 0.4088054932653904 0.028129911050200462 0.05162663012742996
0 0.46812642738223076 0.46879832446575165 0.03199019283056259 0.062127262353897095
