0 0.27519862726330757 0.5808742418885231 0.04278896003961563 0.18961621820926666
0 0.37445469573140144 0.6230895593762398 0.038620807230472565 0.20485509932041168
0 0.6314865238964558 0.7776581197977066 0.06241307407617569 0.3098194897174835
0 0.7066509835422039 0.7926879525184631 0.06964411586523056 0.28893983364105225
0 0.6303756348788738 0.4288276433944702 0.031316183507442474 0.18055689334869385
0 0.27350810170173645 0.35815945640206337 0.028907418251037598 0.08686400204896927
0 0.0725800134241581 0.3657217361032963 0.04086405783891678 0.08112216740846634
0 0.2339989487081766 0.45842864364385605 0.04404406622052193 0.18985824286937714
0 0.6926417108625174 0.37237531691789627 0.02811427041888237 0.08288021385669708
0 0.14198593236505985 0.3951118625700474 0.03882383182644844 0.10095859318971634
0 0.7537744529545307 0.3603879511356354 0.04396329075098038 0.07151538133621216
0 0.10978984460234642 0.3571528270840645 0.033180855214595795 0.06800611317157745
0 0.2330675544217229 0.3458207920193672 0.019564175978302956 0.049400582909584045
0 0.45321330428123474 0.8719311654567719 0.06156492233276367 0.2561376690864563
0 0.23204152286052704 0.36135339364409447 0.022373437881469727 0.05433958023786545
