0 0.48356587439775467 0.625574603676796 0.06677766144275665 0.17210879921913147
0 0.850567065179348 0.7217468097805977 0.1003149002790451 0.21233774721622467
0 0.6244326122105122 0.7477866113185883 0.09466276317834854 0.2412392497062683
0 0.6143616680055857 0.5400353483855724 0.044248152524232864 0.12288864701986313
0 0.18288717791438103 0.4254590570926666 0.04797317832708359 0.09534585475921631
0 0.43207062408328056 0.4882938601076603 0.05579819530248642 0.09735823422670364
0 0.2358508612960577 0.4164366014301777 0.038392018526792526 0.07513038069009781
0 0.36302950233221054 0.4467863216996193 0.06559149920940399 0.13279969990253448
0 0.4409151319414377 0.4369443543255329 0.03171544149518013 0.07474610954523087
0 0.30947489105165005 0.4217352792620659 0.03491504117846489 0.0787767618894577
0 0.5597919579595327 0.4377886466681957 0.03744025155901909 0.07717802375555038
0 0.9897899627685547 0.6926306374371052 0.020420074462890625 0.0673118606209755
0 0.5721374042332172 0.4105559475719929 0.03747067600488663 0.06310424953699112
0 0.6099960803985596 0.4072832018136978 0.024552345275878906 0.0680171549320221
0 0.5614142175763845 0.41533043049275875 0.03949422761797905 0.047255199402570724
0 0.5859463689848781 0.3990313187241554 0.02393803559243679 0.04481913149356842
