0 0.8948127999901772 0.7219869792461395 0.08789654076099396 0.18740051984786987
0 0.5482774004340172 0.6485192477703094 0.08264784514904022 0.18598657846450806
0 0.7044713273644447 0.7509155720472336 0.09784431755542755 0.22323939204216003
0 0.6373356468975544 0.5585969984531403 0.053833819925785065 0.14338374137878418
0 0.21478008292615414 0.42620115354657173 0.0381171815097332 0.08176032453775406
0 0.47378515638411045 0.4972775839269161 0.05184774473309517 0.10574900358915329
0 0.9848582027480006 0.7011980786919594 0.030283546075224876 0.11431427299976349
0 0.4013915304094553 0.4541308023035526 0.05489819124341011 0.10191387683153152
0 0.26738279685378075 0.42609651386737823 0.03668525069952011 0.0770433247089386
0 0.011332247762567249 0.5075436383485794 0.0226643867790699 0.08348795771598816
0 0.33273943699896336 0.43062758445739746 0.03113250806927681 0.07349145412445068
0 0.5658357739448547 0.4496825896203518 0.04221987724304199 0.08240746706724167
0 0.36746397614479065 0.4428422078490257 0.03731250762939453 0.09948836266994476
0 0.4608360715210438 0.4454819820821285 0.031613923609256744 0.07565616816282272
0 0.5982039691880345 0.42698583006858826 0.019027376547455788 0.03761482238769531
0 0.5682561751455069 0.4173598252236843 0.045534323900938034 0.05187814682722092
