0 0.6693600043654442 0.6707487106323242 0.08896951377391815 0.18220078945159912
0 0.8467308059334755 0.7361868992447853 0.09456773102283478 0.18876762688159943
0 0.08906453475356102 0.650967113673687 0.05604461580514908 0.18573103845119476
0 0.9427317976951599 0.751262366771698 0.10923337936401367 0.1832435131072998
0 0.1540908757597208 0.5187894552946091 0.04669236019253731 0.11227747797966003
0 0.6592066884040833 0.5705361366271973 0.05128335952758789 0.11066114902496338
0 0.2688210643827915 0.4584660083055496 0.04282877594232559 0.08964648842811584
0 0.4925665855407715 0.5121998265385628 0.04822540283203125 0.09570278227329254
0 0.11201576143503189 0.5144311375916004 0.051251769065856934 0.10653970390558243
0 0.9551467299461365 0.6838099025189877 0.08373212814331055 0.11964946240186691
0 0.013576461002230644 0.5697794742882252 0.02715292200446129 0.07646361738443375
0 0.03993723914027214 0.5747164934873581 0.042243290692567825 0.15470394492149353
0 0.36610914394259453 0.46540771424770355 0.03424658626317978 0.09030070900917053
0 0.42641725577414036 0.47805458679795265 0.039285946637392044 0.10795033723115921
0 0.3336247019469738 0.44835056364536285 0.03197815269231796 0.07102033495903015
0 0.5282540209591389 0.45550207421183586 0.037894107401371 0.07910384982824326
0 0.39975485764443874 0.4813544377684593 0.037094663828611374 0.10968093574047089
0 0.44909521378576756 0.47050415724515915 0.025023985654115677 0.07662849128246307
0 0.49312337674200535 0.4470328539609909 0.025081206113100052 0.06303265690803528
0 0.5111077670007944 0.4317274522036314 0.025942374020814896 0.04455002769827843
0 0.4932191427797079 0.4666870962828398 0.026341628283262253 0.049652185291051865
