0 0.3764297775924206 0.5469081774353981 0.04890444129705429 0.1625603586435318
0 0.6314314715564251 0.6692288517951965 0.04052724689245224 0.23586773872375488
0 0.5710358861833811 0.6827740743756294 0.05412464216351509 0.24680806696414948
0 0.7882540225982666 0.3757615387439728 0.036115407943725586 0.10325944423675537
0 0.3410058133304119 0.7899822294712067 0.07440628856420517 0.32599085569381714
0 0.30393236316740513 0.48908934742212296 0.04762713983654976 0.13265664875507355
0 0.27709529362618923 0.43112771585583687 0.02854306623339653 0.11507890373468399
0 0.712135243229568 0.3689247593283653 0.02899465523660183 0.0907934159040451
0 0.17778611183166504 0.36807991564273834 0.02749532461166382 0.08503004908561707
0 0.253946041688323 0.3860164172947407 0.04005236551165581 0.08020011335611343
0 0.8484746925532818 0.35005832090973854 0.05180301517248154 0.08218742161989212
0 0.7138583064079285 0.452388022094965 0.02686619758605957 0.08621669560670853
0 0.3267910536378622 0.3432093355804682 0.02435595914721489 0.053902942687273026
0 0.10969565436244011 0.3328060582280159 0.03272771090269089 0.06809063255786896
0 0.2934800982475281 0.33957103826105595 0.01980137825012207 0.05189003422856331
0 0.1459103673696518 0.3428254295140505 0.02370929718017578 0.05253145471215248
0 0.8359758136793971 0.3638633191585541 0.028514957055449486 0.08035790920257568
0 0.32132762065157294 0.30743963923305273 0.011009502224624157 0.030502764508128166
