0 0.4191204309463501 0.6851960644125938 0.052752137184143066 0.19059507548809052
0 0.666137158870697 0.6875900328159332 0.09776854515075684 0.2011759877204895
0 0.9402294158935547 0.890350952744484 0.11954116821289062 0.2164382040500641
0 0.32424212247133255 0.5140804201364517 0.06451018154621124 0.19006958603858948
0 0.3590112682431936 0.42426900938153267 0.041063617914915085 0.06217096000909805
0 0.951882291585207 0.8215436711907387 0.09623537212610245 0.19504030048847198
0 0.14959430694580078 0.39327049255371094 0.04709291458129883 0.06510764360427856
0 0.09377118572592735 0.39255720004439354 0.04054076224565506 0.0755111500620842
0 0.5546906478703022 0.42100612819194794 0.038091517984867096 0.08752653002738953
0 0.5917444936931133 0.3884640596807003 0.03448929637670517 0.0678512379527092
0 0.5774917844682932 0.49898459762334824 0.04131488874554634 0.1144927591085434
0 0.2355603501200676 0.4383078068494797 0.06576366722583771 0.11014315485954285
0 0.2856911066919565 0.3863520845770836 0.046233225613832474 0.0753476470708847
0 0.2441711239516735 0.3962269686162472 0.039223812520504 0.06412404030561447
0 0.6363898636773229 0.3931203316897154 0.02287592925131321 0.04402872547507286
0 0.6207189317792654 0.3769173324108124 0.02311224862933159 0.04753750562667847
0 0.2293801512569189 0.39470004849135876 0.04990715906023979 0.06120931729674339
