0 0.36345827020704746 0.6026689261198044 0.0388745553791523 0.18303260207176208
0 0.6794886477291584 0.7256652489304543 0.05756745487451553 0.2279394418001175
0 0.6107144579291344 0.7607440650463104 0.06255559623241425 0.2924653887748718
0 0.2789469473063946 0.5296943113207817 0.04064454883337021 0.14719204604625702
0 0.7187740914523602 0.3706534467637539 0.03178992122411728 0.08950798958539963
0 0.6516637559980154 0.41423577815294266 0.029147576540708542 0.1713571697473526
0 0.4109565205872059 0.8581419438123703 0.06329021602869034 0.2837161719799042
0 0.7817047834396362 0.3492952212691307 0.04593324661254883 0.07610587775707245
0 0.2392331324517727 0.4447495639324188 0.04519619792699814 0.18457764387130737
0 0.1528748068958521 0.3906734101474285 0.033257950097322464 0.1000111922621727
0 0.2862461684271693 0.34821588546037674 0.028376078233122826 0.08095987141132355
0 0.11633791029453278 0.3432305548340082 0.026454925537109375 0.05011745169758797
0 0.08588082902133465 0.3492596298456192 0.026602547615766525 0.03961387276649475
0 0.8105842471122742 0.9511058256030083 0.046166419982910156 0.09577535092830658
0 0.24771526455879211 0.354202413931489 0.019593000411987305 0.04340790584683418
0 0.2281668484210968 0.3669734224677086 0.020268797874450684 0.03246508538722992
