0 0.5702844373881817 0.6773989796638489 0.05373682826757431 0.24291419982910156
0 0.630070973187685 0.6631256490945816 0.040123797953128815 0.2234063446521759
0 0.3780376799404621 0.5431262403726578 0.04747018963098526 0.1560477316379547
0 0.27975518722087145 0.4317111633718014 0.027737999334931374 0.12122773379087448
0 0.7918660640716553 0.37417344003915787 0.034537553787231445 0.09956283867359161
0 0.3064431603997946 0.49156554043293 0.0472223274409771 0.13554933667182922
0 0.7182095889002085 0.4400540366768837 0.028166819363832474 0.11812616884708405
0 0.17979385238140821 0.3716444857418537 0.02642521820962429 0.07591310888528824
0 0.3382013626396656 0.7948478013277054 0.07357762008905411 0.32831040024757385
0 0.11251820623874664 0.333926796913147 0.035234540700912476 0.07323110103607178
0 0.6703822612762451 0.8982834368944168 0.06451010704040527 0.2016829550266266
0 0.7157246470451355 0.36556797102093697 0.02817821502685547 0.08248040825128555
0 0.25365743413567543 0.3782012313604355 0.036661721765995026 0.07312700152397156
0 0.8529375903308392 0.35432887077331543 0.051508329808712006 0.08400440216064453
0 0.2960334839299321 0.34293943643569946 0.01965310610830784 0.05823230743408203
0 0.3300617756322026 0.34589806385338306 0.022669577971100807 0.05526900663971901
0 0.14595029037445784 0.34013280645012856 0.02283475361764431 0.0503770187497139
0 0.25365549698472023 0.35084655322134495 0.03656790405511856 0.043551910668611526
