0 0.10069978795945644 0.6731661260128021 0.0526355616748333 0.18838268518447876
0 0.7333348989486694 0.6577061265707016 0.07860088348388672 0.25585779547691345
0 0.23784537240862846 0.6225909888744354 0.040223024785518646 0.16959160566329956
0 0.8980794660747051 0.7160425633192062 0.08345784991979599 0.18509933352470398
0 0.5263009425252676 0.5237253718078136 0.040148209780454636 0.1047268733382225
0 0.13188233599066734 0.5819501653313637 0.032595060765743256 0.13814719021320343
0 0.2538412120193243 0.5165332295000553 0.030752133578062057 0.06541234999895096
0 0.5487364642322063 0.4609294906258583 0.04728998988866806 0.08028759062290192
0 0.18240703269839287 0.5788921490311623 0.040890954434871674 0.185646191239357
0 0.96278365701437 0.7267764657735825 0.07431630790233612 0.1626964509487152
0 0.2935238964855671 0.5365358665585518 0.038111306726932526 0.12171770632266998
0 0.4678286435082555 0.506846159696579 0.03040161170065403 0.08540916442871094
0 0.5154842613264918 0.4456554763019085 0.030135249719023705 0.10701628774404526
0 0.4224096415564418 0.5009353533387184 0.0245193000882864 0.06752260029315948
0 0.3683684952557087 0.44310303404927254 0.03324494510889053 0.06816957145929337
0 0.4006333537399769 0.4504336342215538 0.04078803211450577 0.05155126750469208
0 0.9773465748876333 0.6771542206406593 0.04530687257647514 0.0986219197511673
0 0.23863946786150336 0.47416417486965656 0.0118399141356349 0.0349978543817997
0 0.44531415682286024 0.49048135057091713 0.02940831147134304 0.11077863723039627
0 0.9407180547714233 0.6561670228838921 0.05006074905395508 0.07098685204982758
0 0.5344477538019419 0.4493514485657215 0.02958207204937935 0.06345931440591812
