0 0.8108879923820496 0.7803818136453629 0.12235856056213379 0.2552979290485382
0 0.6200818531215191 0.6393464431166649 0.06506767123937607 0.13912145793437958
0 0.654170285910368 0.579327903687954 0.0494326576590538 0.13771311938762665
0 0.9263419024646282 0.7722660973668098 0.10226764529943466 0.22049547731876373
0 0.01646346899292439 0.6456358432769775 0.0329245999455452 0.11439073085784912
0 0.4975070897489786 0.5024240165948868 0.06223754957318306 0.1570640504360199
0 0.09723192267119884 0.49422595277428627 0.04965982958674431 0.10482508689165115
0 0.9686698094010353 0.7031889818608761 0.06266041100025177 0.1216546818614006
0 0.31080813333392143 0.44502321630716324 0.045735619962215424 0.07945938408374786
0 0.2479526847600937 0.44535310938954353 0.03359329700469971 0.0930664911866188
0 0.4296878818422556 0.4587181359529495 0.04270439222455025 0.10010388493537903
0 0.04049316979944706 0.4914335831999779 0.04907240346074104 0.0925595611333847
0 0.39455739222466946 0.45223306864500046 0.04542369768023491 0.09287969768047333
0 0.3608736153692007 0.45861686021089554 0.03620631620287895 0.09203304350376129
0 0.5661087147891521 0.4702765494585037 0.052255772054195404 0.13419833779335022
0 0.5352024435997009 0.4355313926935196 0.022414684295654297 0.07737138867378235
