0 0.38782832585275173 0.6145157516002655 0.0450253002345562 0.17931467294692993
0 0.274201238527894 0.5697861686348915 0.041341353207826614 0.16450072824954987
0 0.6488878130912781 0.8040529638528824 0.07203292846679688 0.32689014077186584
0 0.7228525504469872 0.7703117430210114 0.07304005324840546 0.22099965810775757
0 0.13829056732356548 0.3997468389570713 0.03202320262789726 0.10475552827119827
0 0.6760959271341562 0.37633511051535606 0.032450009137392044 0.08308493345975876
0 0.6106531145051122 0.38553373143076897 0.022936487570405006 0.09524538367986679
0 0.23155123554170132 0.4698954150080681 0.03952975198626518 0.17795126140117645
0 0.26677946373820305 0.35826463997364044 0.03594627231359482 0.07851490378379822
0 0.7366657014936209 0.35497593879699707 0.041976165026426315 0.07501667737960815
0 0.6224828716367483 0.474973700940609 0.039006900042295456 0.08800773322582245
0 0.06409160792827606 0.3511909022927284 0.03627118468284607 0.05839689075946808
0 0.10450820624828339 0.36364730447530746 0.03454846143722534 0.07384847104549408
0 0.2240526918321848 0.3609595485031605 0.025407839566469193 0.07241431623697281
0 0.24814232625067234 0.4070248082280159 0.02870171144604683 0.05985666811466217
0 0.4861418828368187 0.8753789663314819 0.06936530768871307 0.24807357788085938
