0 0.40835319831967354 0.7090924680233002 0.05236539989709854 0.22878354787826538
0 0.6470242738723755 0.6799295395612717 0.0889430046081543 0.20015022158622742
0 0.9315533638000488 0.8847654610872269 0.13487625122070312 0.23045721650123596
0 0.3282048460096121 0.5571753345429897 0.0419660322368145 0.11239802092313766
0 0.35170211270451546 0.4188591353595257 0.043914176523685455 0.06880887597799301
0 0.9500349052250385 0.8314853459596634 0.09971580654382706 0.21444109082221985
0 0.5769057273864746 0.4953937269747257 0.036303043365478516 0.11087328940629959
0 0.5545274019241333 0.4187673330307007 0.03749656677246094 0.09213036298751831
0 0.2306562140583992 0.42983807995915413 0.06535579264163971 0.10444603115320206
0 0.09314658120274544 0.3969452939927578 0.043292336165905 0.08855264633893967
0 0.14368215575814247 0.38467435725033283 0.03905133157968521 0.05436185374855995
0 0.3136901315301657 0.47753650322556496 0.048274826258420944 0.11017519980669022
0 0.5933894868940115 0.3877928666770458 0.03619379922747612 0.0684557780623436
0 0.2902668956667185 0.40033890306949615 0.029424358159303665 0.03933414816856384
0 0.2698750142008066 0.3651220519095659 0.019039679318666458 0.03711164370179176
0 0.6216119406744838 0.36642469093203545 0.026581382378935814 0.06298228353261948
0 0.6384052755311131 0.39137400686740875 0.02198329009115696 0.04243549704551697
0 0.24056195095181465 0.39536873809993267 0.03953740745782852 0.06014009937644005
