0 0.705429196357727 0.6607741415500641 0.1015329360961914 0.266693651676178
0 0.16762918792665005 0.6400566473603249 0.04761398956179619 0.17144830524921417
0 0.5011377520859241 0.5261357314884663 0.048181869089603424 0.10333374887704849
0 0.1040135994553566 0.5749776288866997 0.042770713567733765 0.16478393971920013
0 0.5269583947956562 0.46017060056328773 0.03867659717798233 0.07269138842821121
0 0.2255274597555399 0.5282964147627354 0.04320721700787544 0.10398656874895096
0 0.8761287927627563 0.7408729419112206 0.09119415283203125 0.19946806132793427
0 0.06566755101084709 0.5979006700217724 0.033592402935028076 0.09835823625326157
0 0.18572625238448381 0.5176726467907429 0.027870619669556618 0.06305084377527237
0 0.9475122317671776 0.7487178519368172 0.09958820044994354 0.18807317316532135
0 0.31467585638165474 0.44476163014769554 0.03637347370386124 0.07055901736021042
0 0.36165385227650404 0.45096777752041817 0.027277445420622826 0.05310342460870743
0 0.9555771239101887 0.6786364540457726 0.08587942272424698 0.10981826484203339
0 0.4397577289491892 0.5066428817808628 0.0341680534183979 0.08508092910051346
0 0.4922838397324085 0.4470917098224163 0.03462538868188858 0.07862892001867294
0 0.008018600061859615 0.7260769158601761 0.01602420210838318 0.13112106919288635
0 0.41237109899520874 0.4864264726638794 0.031588196754455566 0.11907196044921875
0 0.39078040793538094 0.4854365549981594 0.03221426159143448 0.10168122500181198
0 0.1677012355066836 0.47702495381236076 0.011194300837814808 0.036562345921993256
0 0.403756070882082 0.5043464340269566 0.04730687290430069 0.08227360993623734
0 0.42420708015561104 0.5063650235533714 0.05220232158899307 0.08516918122768402
