0 0.4091289695352316 0.6505472362041473 0.05174262449145317 0.22051197290420532
0 0.6746768839657307 0.8289837092161179 0.08613929897546768 0.33922848105430603
0 0.2765205390751362 0.5939724668860435 0.041338302195072174 0.20104043185710907
0 0.7438431978225708 0.8279134184122086 0.08783960342407227 0.2777039110660553
0 0.6622133851051331 0.3756859339773655 0.03177452087402344 0.08718658238649368
0 0.1390784364193678 0.4146340973675251 0.04152817651629448 0.10792414098978043
0 0.718834662809968 0.36024853214621544 0.03356318548321724 0.0918717309832573
0 0.59693443775177 0.3872183859348297 0.024954795837402344 0.08804255723953247
0 0.23341121338307858 0.4793005511164665 0.033628176897764206 0.1524103730916977
0 0.06590930931270123 0.37140509858727455 0.04917782172560692 0.08268172293901443
0 0.5270146206021309 0.8961307555437088 0.07167001068592072 0.20701149106025696
0 0.6060355305671692 0.4721074365079403 0.036095619201660156 0.09251993149518967
0 0.10272162221372128 0.36811475083231926 0.03434733673930168 0.0710204467177391
0 0.263154742307961 0.365665165707469 0.026729965582489967 0.05030214414000511
0 0.21583562158048153 0.3717244639992714 0.020285557955503464 0.07480199635028839
0 0.2525303177535534 0.41308307833969593 0.03178264945745468 0.05983102694153786
0 0.24774634232744575 0.33677483536303043 0.012944030575454235 0.03654636815190315
0 0.22973199747502804 0.4292527511715889 0.033835720270872116 0.06294114887714386
0 0.12055525183677673 0.3790670447051525 0.02468925714492798 0.04067107290029526
0 0.2459187926724553 0.3775074016302824 0.02841939963400364 0.037381913512945175
