0 0.14916500821709633 0.6508661583065987 0.049974359571933746 0.17290212213993073
0 0.9027797095477581 0.734621100127697 0.09398355334997177 0.22397135198116302
0 0.7389267571270466 0.5803688019514084 0.057547904551029205 0.11944028735160828
0 0.7394080869853497 0.6566062569618225 0.05823459476232529 0.15982186794281006
0 0.9572238102555275 0.7434924691915512 0.0855524092912674 0.2042529284954071
0 0.1608035657554865 0.5812251791357994 0.030610371381044388 0.13115505874156952
0 0.2618101090192795 0.6261926963925362 0.0378718376159668 0.16122151911258698
0 0.9706925861537457 0.668371893465519 0.058322809636592865 0.12735672295093536
0 0.38948878087103367 0.45389001071453094 0.041985321789979935 0.08785578608512878
0 0.30789381824433804 0.5252019353210926 0.03204615041613579 0.12137214094400406
0 0.2130565233528614 0.5846539065241814 0.04987845569849014 0.20062051713466644
0 0.4332319675013423 0.4966739360243082 0.02240762673318386 0.05781250074505806
0 0.48064880445599556 0.4979492761194706 0.03205118328332901 0.07817310839891434
0 0.5606465339660645 0.4601694904267788 0.04852747917175293 0.07494562119245529
0 0.27639780566096306 0.5159780755639076 0.032852791249752045 0.1059855967760086
0 0.5355336666107178 0.5076891928911209 0.03702044486999512 0.10071352124214172
0 0.4598317863419652 0.5050653032958508 0.027291441336274147 0.07735642045736313
0 0.5207749726250768 0.4354419372975826 0.027223015204072 0.07675730437040329
0 0.5228118179365993 0.4573466554284096 0.028119420632719994 0.06527163088321686
0 0.42479693330824375 0.45925007201731205 0.024549055844545364 0.04877247288823128
0 0.449823928065598 0.45497011579573154 0.016513491049408913 0.041693199425935745
0 0.5179909113794565 0.4138656463474035 0.021482516080141068 0.05220476910471916
0 0.5670268777757883 0.48383156955242157 0.039038944989442825 0.0757734477519989
