0 0.5508085377514362 0.6698218435049057 0.08370194584131241 0.2048608958721161
0 0.34895614348351955 0.669148713350296 0.05370933935046196 0.20832222700119019
0 0.8458336815237999 0.8701557517051697 0.1319146603345871 0.25833773612976074
0 0.6550931688398123 0.36987651884555817 0.03094334527850151 0.08768579363822937
0 0.18424439802765846 0.4272266738116741 0.05259237438440323 0.10122909396886826
0 0.8948608413338661 0.8629126697778702 0.13110370934009552 0.272224098443985
0 0.22131462767720222 0.3883525989949703 0.04227254539728165 0.06260889023542404
0 0.28069282695651054 0.5338601395487785 0.04180540889501572 0.14394472539424896
0 0.7562280781567097 0.9433340914547443 0.06203637272119522 0.11333177238702774
0 0.12260076031088829 0.3800563830882311 0.04248223453760147 0.05531192198395729
0 0.07322302833199501 0.38709158077836037 0.039794497191905975 0.08292943984270096
0 0.26651779748499393 0.3764095604419708 0.037737298756837845 0.07463264465332031
0 0.6143341306596994 0.3962873350828886 0.028693009167909622 0.05515268072485924
0 0.5803187135607004 0.47642743214964867 0.04961519315838814 0.11271273344755173
0 0.5585932247340679 0.4016401842236519 0.035215042531490326 0.07786555588245392
0 0.2764692362397909 0.45423050969839096 0.04337305948138237 0.1095954030752182
0 0.31205664202570915 0.41312179900705814 0.040770433843135834 0.061641354113817215
0 0.5705059058964252 0.45067107677459717 0.05075082927942276 0.1582663655281067
0 0.6040897606872022 0.3612426109611988 0.015562820248305798 0.03193090111017227
