0 0.4069204870611429 0.5252615436911583 0.051107216626405716 0.1559077352285385
0 0.3213643319904804 0.703376442193985 0.07663104683160782 0.2511294484138489
0 0.5770033597946167 0.7643624842166901 0.09931755065917969 0.4712750315666199
0 0.33429059386253357 0.46163787320256233 0.04591071605682373 0.12450120598077774
0 0.27031311951577663 0.3735378831624985 0.03119821473956108 0.09697994589805603
0 0.7664527539163828 0.4432113952934742 0.028160858899354935 0.09124908596277237
0 0.3094268022105098 0.4216031916439533 0.027515148743987083 0.07111350446939468
0 0.8448238726705313 0.3725186251103878 0.03795022889971733 0.09772764891386032
0 0.3608141662552953 0.3360893502831459 0.022967839613556862 0.05738283693790436
0 0.33114945888519287 0.3340017832815647 0.021120190620422363 0.07270313054323196
0 0.9178736321628094 0.34929563477635384 0.03950300067663193 0.07649228721857071
0 0.760986590757966 0.3694559559226036 0.033489275723695755 0.0644945353269577
0 0.20126856584101915 0.35600486770272255 0.02662571705877781 0.08632225543260574
0 0.13769361842423677 0.32745465263724327 0.03066244162619114 0.07640760391950607
0 0.16471444349735975 0.3166732583194971 0.026676690205931664 0.048061687499284744
0 0.8902215119451284 0.3542709369212389 0.03159923478960991 0.06154799833893776
0 0.8914593458175659 0.37297825142741203 0.029270648956298828 0.054702483117580414
0 0.9031645767390728 0.37149918265640736 0.04032554477453232 0.05154550448060036
