0 0.47283073514699936 0.6671171486377716 0.06442217528820038 0.21066707372665405
0 0.3023728132247925 0.6291487142443657 0.044129371643066406 0.19966493546962738
0 0.7517005205154419 0.8515110015869141 0.1104116439819336 0.29485809803009033
0 0.6325089558959007 0.9225069954991341 0.06624464690685272 0.15498317778110504
0 0.8191959261894226 0.8618212640285492 0.09872913360595703 0.2752428650856018
0 0.6890043374150991 0.366835318505764 0.03467912599444389 0.09646742045879364
0 0.5822185035794973 0.4678483307361603 0.03060741350054741 0.10551291704177856
0 0.2529446668922901 0.5196313112974167 0.033881522715091705 0.10615429282188416
0 0.15458049438893795 0.4221080206334591 0.04257924482226372 0.10813450068235397
0 0.6380094774067402 0.3795862905681133 0.03632769733667374 0.08398827165365219
0 0.2499623242765665 0.4388439692556858 0.04256455972790718 0.08229900151491165
0 0.064338818192482 0.37872103974223137 0.036239199340343475 0.08808048814535141
0 0.2767314501106739 0.4174075834453106 0.044975973665714264 0.06941642612218857
0 0.21326794009655714 0.38205826468765736 0.027056610211730003 0.06056666746735573
0 0.10637577250599861 0.37090579979121685 0.034391723573207855 0.0580267570912838
0 0.5755461333319545 0.3960476443171501 0.026230668649077415 0.046806082129478455
0 0.2600489370524883 0.35994119197130203 0.03358735889196396 0.06322254240512848
0 0.2636945191770792 0.37896391563117504 0.027744341641664505 0.04669278487563133
0 0.11438642162829638 0.380316449329257 0.030949795618653297 0.06102093681693077
