0 0.8450416214764118 0.7754338011145592 0.11581716686487198 0.2484176605939865
0 0.6549563184380531 0.6499602794647217 0.06888861954212189 0.1498502492904663
0 0.49660899117588997 0.5127270929515362 0.04518637806177139 0.0945596918463707
0 0.09314433857798576 0.5090951211750507 0.05194825679063797 0.09501580148935318
0 0.937869668006897 0.7864591181278229 0.12077188491821289 0.23664695024490356
0 0.9573527202010155 0.724030539393425 0.08529452979564667 0.17881914973258972
0 0.2608210854232311 0.453600462526083 0.046907566487789154 0.08188294619321823
0 0.6563807372003794 0.5773887373507023 0.05272679403424263 0.10498983412981033
0 0.32863726653158665 0.4453726299107075 0.03543131425976753 0.07590357214212418
0 0.06719893589615822 0.6365327686071396 0.0638805627822876 0.18416473269462585
0 0.14156481996178627 0.5043966881930828 0.042810000479221344 0.0992858037352562
0 0.02888484764844179 0.5888148173689842 0.05663260072469711 0.2024175375699997
0 0.3995569758117199 0.48645225912332535 0.03157927840948105 0.07931794226169586
0 0.36418423615396023 0.46695853024721146 0.03076620027422905 0.09702707827091217
0 0.43062208872288465 0.4754674416035414 0.028849458321928978 0.05541097745299339
0 0.5011438969522715 0.4542328789830208 0.026895571500062943 0.07980503141880035
0 0.532537067309022 0.46568622440099716 0.04635219648480415 0.09907858073711395
0 0.4593759002164006 0.4721756689250469 0.021235371008515358 0.0882079228758812
0 0.38580824714154005 0.43635267205536366 0.010522698983550072 0.03408122435212135
