0 0.8897715099155903 0.7495336756110191 0.11277303844690323 0.23698489367961884
0 0.6762120015919209 0.7504240944981575 0.09626350551843643 0.21615315973758698
0 0.5215211287140846 0.6341758370399475 0.06698150932788849 0.18480932712554932
0 0.6263904925435781 0.5532450079917908 0.04887576028704643 0.13021761178970337
0 0.2595868445932865 0.4301523305475712 0.04129002243280411 0.08604443818330765
0 0.202370410785079 0.4259573705494404 0.03507227823138237 0.08949021250009537
0 0.4612254202365875 0.48303429782390594 0.06014251708984375 0.1482062041759491
0 0.3254366032779217 0.4403880424797535 0.03369726985692978 0.09155336767435074
0 0.3852563388645649 0.45209041982889175 0.06126747280359268 0.11371417343616486
0 0.9882835503667593 0.7153296992182732 0.023431967943906784 0.11242400109767914
0 0.5623531341552734 0.44532185420393944 0.0446164608001709 0.07371991127729416
0 0.36383711732923985 0.4405730478465557 0.029592204838991165 0.08548291772603989
0 0.6009197346866131 0.42487143725156784 0.03155245631933212 0.06881748139858246
0 0.5700819250196218 0.4140450470149517 0.05546421930193901 0.060841284692287445
0 0.5666110515594482 0.46764811873435974 0.04753756523132324 0.0930715799331665
0 0.36348532512784004 0.4164523705840111 0.0316912904381752 0.04589216411113739
0 0.3486583470366895 0.4022102300077677 0.014314222149550915 0.038765717297792435
