0 0.2931560520082712 0.6374205201864243 0.04028050974011421 0.2206798493862152
0 0.4455540291965008 0.6371023207902908 0.05070795863866806 0.19149067997932434
0 0.7184832319617271 0.8342271745204926 0.0967286080121994 0.32140952348709106
0 0.5959098562598228 0.9037423729896545 0.07194070518016815 0.1916879415512085
0 0.14731397107243538 0.41147760674357414 0.045715488493442535 0.10641225427389145
0 0.6463603973388672 0.383788388222456 0.03712606430053711 0.08955796808004379
0 0.7916149385273457 0.8124586343765259 0.0907507911324501 0.22755110263824463
0 0.7015779502689838 0.366614505648613 0.0358952060341835 0.08350929617881775
0 0.5882320879027247 0.47377896308898926 0.026770448312163353 0.11945724487304688
0 0.06385087221860886 0.37094559893012047 0.03918413072824478 0.07131504267454147
0 0.10416781343519688 0.3668912276625633 0.034614671021699905 0.06937061250209808
0 0.23067577555775642 0.4590207636356354 0.06163690239191055 0.25199753046035767
0 0.5827553272247314 0.40129365026950836 0.02576160430908203 0.053246647119522095
0 0.2650999967008829 0.3974256403744221 0.03505675867199898 0.08312950283288956
0 0.259396618232131 0.3626280762255192 0.034695815294981 0.06448281556367874
0 0.2126310644671321 0.358427032828331 0.024392222985625267 0.04991450905799866
