0 0.3620456401258707 0.5896162986755371 0.04018406942486763 0.1936514973640442
0 0.3773954212665558 0.8394285440444946 0.07011902332305908 0.32114291191101074
0 0.589457631111145 0.7394948452711105 0.0530085563659668 0.31469497084617615
0 0.28878501057624817 0.5458510220050812 0.04270124435424805 0.18643790483474731
0 0.6594449989497662 0.7238410264253616 0.05517258495092392 0.2576325237751007
0 0.748684287071228 0.37212080508470535 0.029361248016357422 0.09658904373645782
0 0.09444873966276646 0.3472750261425972 0.03725920990109444 0.06830336153507233
0 0.24748755060136318 0.43385861068964005 0.04913682863116264 0.17089737951755524
0 0.7467495556920767 0.9353682026267052 0.05447359010577202 0.12926356494426727
0 0.30572366155683994 0.3434559106826782 0.03184359148144722 0.08186304569244385
0 0.678014611825347 0.4201495572924614 0.03020496293902397 0.18052588403224945
0 0.16392538882791996 0.37494464218616486 0.03394131734967232 0.08760401606559753
0 0.12703027110546827 0.3407163433730602 0.02709130011498928 0.069483183324337
0 0.2663954198360443 0.34252534806728363 0.01925182342529297 0.06845524907112122
0 0.8088122252374887 0.34839633107185364 0.04795723035931587 0.07920265197753906
