0 0.2771655023097992 0.4519588351249695 0.040926337242126465 0.08688735961914062
0 0.8568173050880432 0.765153057873249 0.1084446907043457 0.21771825850009918
0 0.11096137017011642 0.6315312534570694 0.049543678760528564 0.14907577633857727
0 0.9522291421890259 0.6973267570137978 0.08617877960205078 0.136882022023201
0 0.9378658048808575 0.7716784551739693 0.10633745044469833 0.21891166269779205
0 0.49175277911126614 0.5236294567584991 0.048836659640073776 0.11170417070388794
0 0.042379049584269524 0.6050253957509995 0.06450996547937393 0.1825854480266571
0 0.6632601972669363 0.5834583304822445 0.0528995506465435 0.11050122231245041
0 0.1302082035690546 0.5089532434940338 0.04794757440686226 0.09727609157562256
0 0.6808289997279644 0.6779848411679268 0.06648149341344833 0.13282491266727448
0 0.17377736791968346 0.5161845050752163 0.04864379018545151 0.09820645302534103
0 0.3731818441301584 0.4811191000044346 0.03682975843548775 0.10061878710985184
0 0.34137415885925293 0.45461949333548546 0.03287959098815918 0.0676884576678276
0 0.4442361472174525 0.4883665218949318 0.02601323090493679 0.08795572817325592
0 0.4001742899417877 0.49164940416812897 0.02841472625732422 0.06565305590629578
0 0.5218417160212994 0.4633433558046818 0.04211106151342392 0.09150326997041702
0 0.428273213095963 0.48814285174012184 0.02519550360739231 0.06411082297563553
0 0.484432858414948 0.46301212534308434 0.024901533499360085 0.06608187407255173
0 0.4137865360826254 0.4538303054869175 0.016982030123472214 0.06589461117982864
0 0.5020147208124399 0.44075082801282406 0.03361516073346138 0.05674747750163078
