0 0.29595761373639107 0.6271619722247124 0.041615940630435944 0.2036810964345932
0 0.45479606464505196 0.6398333758115768 0.055675603449344635 0.1794053018093109
0 0.6128231883049011 0.9105769917368889 0.07700586318969727 0.17814432084560394
0 0.7318395860493183 0.8451223522424698 0.0994940772652626 0.30974867939949036
0 0.14941408298909664 0.4147055558860302 0.04305095598101616 0.1094593033194542
0 0.80307537317276 0.8350329995155334 0.09171319007873535 0.2625572681427002
0 0.10374684631824493 0.37338024377822876 0.032878607511520386 0.07920396327972412
0 0.5792085649445653 0.3862050883471966 0.026760483160614967 0.07220938056707382
0 0.6432511564344168 0.37475064024329185 0.03595752641558647 0.06941651552915573
0 0.697310209274292 0.3654066026210785 0.03799152374267578 0.08271598815917969
0 0.5860628606751561 0.4673241749405861 0.028496408835053444 0.10191501677036285
0 0.06354593113064766 0.37229254841804504 0.03656633943319321 0.08002883195877075
0 0.24717269279062748 0.5212583355605602 0.03153352811932564 0.10720952600240707
0 0.24287445843219757 0.4345285966992378 0.04385876655578613 0.09388597309589386
0 0.21292940992861986 0.3718155827373266 0.02525498904287815 0.05711684748530388
0 0.27390019223093987 0.41631192341446877 0.032401107251644135 0.05373937636613846
0 0.2473248690366745 0.3465240467339754 0.014693737030029297 0.035340819507837296
0 0.25940788350999355 0.38129662349820137 0.030379842966794968 0.04794243723154068
0 0.2642576154321432 0.4003070294857025 0.04270799085497856 0.071158766746521
