0 0.8385500684380531 0.7800041660666466 0.110561802983284 0.24991290271282196
0 0.649073850363493 0.6536748260259628 0.07049956172704697 0.16189011931419373
0 0.26663137041032314 0.45267338678240776 0.05624885484576225 0.10030492395162582
0 0.9325324185192585 0.7731045782566071 0.10043106228113174 0.21829265356063843
0 0.07930736429989338 0.50138720870018 0.042685676366090775 0.10616743564605713
0 0.962462343275547 0.7082955911755562 0.07507534325122833 0.14068879187107086
0 0.6571558471769094 0.5699738152325153 0.04824061319231987 0.10971031337976456
0 0.04290384548949078 0.596752218902111 0.08484777808189392 0.2223120778799057
0 0.32729544676840305 0.44292914494872093 0.03740041330456734 0.06804864853620529
0 0.13975103199481964 0.5121236890554428 0.053376734256744385 0.12251201272010803
0 0.5005352608859539 0.5300473868846893 0.05184473842382431 0.12453490495681763
0 0.3668096773326397 0.46592529118061066 0.03426828235387802 0.09387949109077454
0 0.4012196660041809 0.4846299961209297 0.0280153751373291 0.06920166313648224
0 0.4333185078576207 0.4795971140265465 0.030377769842743874 0.06162045896053314
0 0.46819556318223476 0.4900627713650465 0.02227301523089409 0.05806439742445946
0 0.546459948644042 0.48236703872680664 0.032219838351011276 0.07046729326248169
0 0.5088135842233896 0.4549577943980694 0.0220518596470356 0.060217879712581635
0 0.5275425557047129 0.43320462107658386 0.02472977712750435 0.04781532287597656
0 0.42618526238948107 0.44947507604956627 0.03083481825888157 0.06752001494169235
