0 0.8628754392266273 0.7099968418478966 0.08988256752490997 0.17825143039226532
0 0.5007378943264484 0.6275228336453438 0.06367764621973038 0.1779794842004776
0 0.653097964823246 0.7725328505039215 0.10669989883899689 0.26200979948043823
0 0.6216139085590839 0.537336777895689 0.047914840281009674 0.12146385759115219
0 0.1947181411087513 0.42230214923620224 0.04685578495264053 0.08791707456111908
0 0.4437931887805462 0.49793362244963646 0.05711665004491806 0.09624981135129929
0 0.31892629340291023 0.44304339960217476 0.03878305107355118 0.09910324960947037
0 0.44603074714541435 0.437763299793005 0.033424995839595795 0.0670587345957756
0 0.37363625690340996 0.4458131827414036 0.06044282764196396 0.09537900239229202
0 0.9892828818410635 0.6960631124675274 0.02143402025103569 0.07179167121648788
0 0.5601260773837566 0.4496965669095516 0.04426398128271103 0.09544330090284348
0 0.24523751810193062 0.41311560198664665 0.036716558039188385 0.06526472419500351
0 0.6079090479761362 0.42186040058732033 0.019903231412172318 0.05045873671770096
0 0.5730416662991047 0.4118720218539238 0.03669104725122452 0.06687621772289276
0 0.34291006345301867 0.39953762106597424 0.015899086371064186 0.04014265164732933
