0 0.29496494494378567 0.6316055282950401 0.04165596887469292 0.21180550754070282
0 0.7238836288452148 0.8395806401968002 0.09541106224060059 0.3182773292064667
0 0.45062626525759697 0.6400396153330803 0.052800558507442474 0.18961237370967865
0 0.14846584759652615 0.41302383318543434 0.045047055929899216 0.1015244796872139
0 0.6042458303272724 0.9067572057247162 0.07698307186365128 0.18607932329177856
0 0.5877140518277884 0.4723505713045597 0.027045201510190964 0.1137099340558052
0 0.7978160493075848 0.8196401596069336 0.0907067283987999 0.25086915493011475
0 0.6993000023066998 0.3662957400083542 0.037172459065914154 0.08139720559120178
0 0.580988216213882 0.388380479067564 0.027634238824248314 0.07634105533361435
0 0.6455668453127146 0.375637661665678 0.035535383969545364 0.07001145929098129
0 0.06320444494485855 0.37484174966812134 0.038181811571121216 0.08301132917404175
0 0.24541689828038216 0.49285557121038437 0.03394005447626114 0.18326042592525482
0 0.10411815904080868 0.37143098935484886 0.033932846039533615 0.0765373632311821
0 0.21623749658465385 0.37952692806720734 0.03212752193212509 0.08218589425086975
0 0.2649111859500408 0.4067552462220192 0.04101135581731796 0.08731867372989655
0 0.26025677286088467 0.3654901124536991 0.03688354417681694 0.07071001082658768
0 0.23418468981981277 0.41959288716316223 0.06502802670001984 0.12287110090255737
