0 0.45930927991867065 0.6486758589744568 0.05753278732299805 0.18533265590667725
0 0.29783328250050545 0.6214212998747826 0.042058803141117096 0.1941472738981247
0 0.622650682926178 0.911536417901516 0.07547473907470703 0.17639176547527313
0 0.7389367334544659 0.8469803780317307 0.10277809947729111 0.3027511537075043
0 0.1518210880458355 0.41634567081928253 0.04439803212881088 0.10966894030570984
0 0.8080998882651329 0.8535037636756897 0.09439878165721893 0.28892982006073
0 0.24496967531740665 0.478778213262558 0.041544485837221146 0.1875728964805603
0 0.6942188031971455 0.36427876725792885 0.03674373775720596 0.0805773213505745
0 0.10542219877243042 0.3684510104358196 0.037145137786865234 0.0656493529677391
0 0.06479275040328503 0.36772503703832626 0.03814544901251793 0.07029323279857635
0 0.6426566243171692 0.3771991804242134 0.03823232650756836 0.08091159164905548
0 0.5785276414826512 0.39733679592609406 0.02487006224691868 0.05022922158241272
0 0.5847687600180507 0.4639297127723694 0.028968429192900658 0.061092376708984375
0 0.2671242654323578 0.40796209312975407 0.04344642162322998 0.06221165135502815
0 0.21265449561178684 0.3748610895127058 0.025185633450746536 0.058764394372701645
0 0.25804091058671474 0.3593698311597109 0.03457219526171684 0.061621878296136856
0 0.5778885604813695 0.4278297405689955 0.02044358290731907 0.04768269881606102
0 0.5693293688818812 0.3652949146926403 0.012046432122588158 0.030959807336330414
