0 0.4967515841126442 0.6298605129122734 0.06575174629688263 0.1827593892812729
0 0.8598241098225117 0.7069307789206505 0.09460601955652237 0.17651240527629852
0 0.6435395963490009 0.7647914737462997 0.09889040142297745 0.24912092089653015
0 0.44045654498040676 0.49964912235736847 0.05637926980853081 0.10618129372596741
0 0.6179621331393719 0.5405775606632233 0.04566635936498642 0.12766748666763306
0 0.44452217780053616 0.43766648322343826 0.03328270837664604 0.07400055229663849
0 0.3195743206888437 0.4399537518620491 0.042543936520814896 0.0975017100572586
0 0.18875371851027012 0.4165177308022976 0.04499690607190132 0.08176439255475998
0 0.24244056269526482 0.4170812740921974 0.03608348220586777 0.07703204452991486
0 0.9896001815795898 0.6945764012634754 0.0207977294921875 0.06653276830911636
0 0.3687777742743492 0.43921031430363655 0.06840328872203827 0.11547914892435074
0 0.5620606187731028 0.44746625423431396 0.04292445257306099 0.09555947780609131
0 0.6091405991464853 0.4204115755856037 0.01992182806134224 0.05002174526453018
0 0.5698544383049011 0.42141666635870934 0.04276132583618164 0.07740329951047897
0 0.4742045998573303 0.5650243647396564 0.021223783493041992 0.05407998710870743
0 0.44925464410334826 0.46008244529366493 0.031210804358124733 0.059934742748737335
