0 0.07593859359622002 0.6588175371289253 0.05236009508371353 0.1618298441171646
0 0.2243325412273407 0.6379308551549911 0.040326833724975586 0.1861496865749359
0 0.7376875653862953 0.6922177150845528 0.07208319008350372 0.1841827780008316
0 0.7155875451862812 0.580940492451191 0.05614838749170303 0.11133982241153717
0 0.959295429289341 0.735115759074688 0.08140917122364044 0.19008933007717133
0 0.8982133492827415 0.7303794547915459 0.08573751151561737 0.2055063098669052
0 0.35725753381848335 0.4530808664858341 0.03694603592157364 0.08535207062959671
0 0.11717985570430756 0.5883273333311081 0.03484565019607544 0.1467718780040741
0 0.280271727591753 0.5399001203477383 0.037142254412174225 0.0772232934832573
0 0.523897647857666 0.5157648846507072 0.04132342338562012 0.1016843169927597
0 0.4420941174030304 0.49869079515337944 0.037241220474243164 0.12229164689779282
0 0.1666020303964615 0.6020512729883194 0.037151455879211426 0.14603987336158752
0 0.2435206826776266 0.5189487598836422 0.028069566935300827 0.05776041001081467
0 0.4610515180975199 0.5041808113455772 0.02963857725262642 0.09639434516429901
0 0.40568131767213345 0.4800981171429157 0.03912515565752983 0.09489212185144424
0 0.5398895386606455 0.46048160269856453 0.052358437329530716 0.09007636457681656
0 0.5072514414787292 0.4480714648962021 0.024709463119506836 0.07606396079063416
0 0.9715439565479755 0.6775500476360321 0.05691204220056534 0.10851889848709106
0 0.9429025892168283 0.6565788388252258 0.057654667645692825 0.069435715675354
0 0.39332603849470615 0.44860258139669895 0.036717820912599564 0.05602692440152168
0 0.22618176601827145 0.47621547617018223 0.016013335436582565 0.03740166500210762
0 0.5065217735245824 0.4197617769241333 0.022144461050629616 0.06572401523590088
