0 0.543358325958252 0.6442149505019188 0.07983827590942383 0.18060819804668427
0 0.893729567527771 0.733969122171402 0.09044837951660156 0.21340209245681763
0 0.6979506500065327 0.7396021038293839 0.0949929729104042 0.1965126097202301
0 0.6357113234698772 0.5532248839735985 0.05142011493444443 0.13031993806362152
0 0.40068764612078667 0.45695075020194054 0.0586407408118248 0.11070149391889572
0 0.2660239189863205 0.4259370490908623 0.03623318672180176 0.07939092814922333
0 0.2123196069151163 0.4284210838377476 0.038475144654512405 0.08169848471879959
0 0.4719625171273947 0.49549151211977005 0.05342430993914604 0.11058862507343292
0 0.985982489772141 0.7107177227735519 0.0280322078615427 0.13140568137168884
0 0.3672170229256153 0.4450816661119461 0.03702197223901749 0.10835978388786316
0 0.3311100844293833 0.43919676169753075 0.031716156750917435 0.09133236855268478
0 0.5643699765205383 0.44771697744727135 0.042532920837402344 0.08373158425092697
0 0.45889655873179436 0.44782451167702675 0.03475441783666611 0.0728919580578804
0 0.599883365444839 0.4301026985049248 0.0178662296384573 0.043395742774009705
0 0.5718030445277691 0.413753479719162 0.05003371089696884 0.05758446455001831
