0 0.43768520280718803 0.6968293190002441 0.053517721593379974 0.20373225212097168
0 0.6986909881234169 0.7132533937692642 0.12095017731189728 0.2430824339389801
0 0.9615240097045898 0.8072796314954758 0.07695198059082031 0.18393537402153015
0 0.15748700127005577 0.39543337374925613 0.04840763658285141 0.06951107084751129
0 0.9526254422962666 0.8861071839928627 0.0947490707039833 0.22551973164081573
0 0.37152649834752083 0.43097345158457756 0.043534256517887115 0.07827576249837875
0 0.24946247041225433 0.4227486811578274 0.05955708026885986 0.11750047653913498
0 0.10203415341675282 0.4032094366848469 0.04121674969792366 0.08365503698587418
0 0.5903788926079869 0.394258014857769 0.030563974753022194 0.07738600671291351
0 0.34975074604153633 0.5724392235279083 0.055190302431583405 0.15873336791992188
0 0.5546228643506765 0.42205484211444855 0.03474922105669975 0.08051732182502747
0 0.29693131521344185 0.4044935405254364 0.05422184616327286 0.10288083553314209
0 0.5815801862627268 0.5065366886556149 0.04135160520672798 0.11338060349225998
0 0.3293125983327627 0.4708554856479168 0.04649372026324272 0.08560951799154282
0 0.616250860504806 0.36820753291249275 0.03054938279092312 0.06439868360757828
0 0.6352636096999049 0.4012134652584791 0.0254803653806448 0.04949658736586571
0 0.33416639640927315 0.4970088228583336 0.038664914667606354 0.08754925429821014
0 0.558736527338624 0.45966738276183605 0.03347950056195259 0.05884229764342308
