0 0.5581789240241051 0.6709753423929214 0.08977870643138885 0.20046213269233704
0 0.3523868564516306 0.6629642024636269 0.05272119119763374 0.19729287922382355
0 0.18768541142344475 0.4304708167910576 0.056343041360378265 0.09989242255687714
0 0.22147925198078156 0.38919318094849586 0.04260730743408203 0.06487417966127396
0 0.28249641694128513 0.5301734581589699 0.041971851140260696 0.14031745493412018
0 0.5573162194341421 0.4092826321721077 0.03484482690691948 0.09522362053394318
0 0.8549287468194962 0.8698077499866486 0.13429918885231018 0.25881117582321167
0 0.652575409039855 0.37084702402353287 0.030362796038389206 0.08954645693302155
0 0.12197468243539333 0.38274700567126274 0.039731454104185104 0.05323638767004013
0 0.2669827230274677 0.376402635127306 0.03897533565759659 0.07540825754404068
0 0.7638704068958759 0.942599281668663 0.0615905299782753 0.11367687582969666
0 0.3153166715055704 0.4178682826459408 0.03991370275616646 0.06713955849409103
0 0.6113195177167654 0.3852669186890125 0.03172631189227104 0.0812278762459755
0 0.5819883830845356 0.48076221719384193 0.04723010212182999 0.11036021262407303
0 0.28027659095823765 0.4565882496535778 0.04374663904309273 0.1044321283698082
0 0.07330027967691422 0.38698188960552216 0.03903016448020935 0.085234135389328
