0 0.6262858882546425 0.6607223451137543 0.08654160797595978 0.17019885778427124
0 0.39923298358917236 0.7271757870912552 0.06702017784118652 0.2667349874973297
0 0.31698038056492805 0.5666350498795509 0.05026111751794815 0.16942723095417023
0 0.9423099532723427 0.812204085290432 0.11446972191333771 0.1843917816877365
0 0.9143020883202553 0.8806802853941917 0.1318337470293045 0.23784129321575165
0 0.5961837060749531 0.3871947266161442 0.03859005123376846 0.0653347447514534
0 0.3422410190105438 0.41803308203816414 0.04032325744628906 0.07342711836099625
0 0.13705037347972393 0.3819355368614197 0.04489685222506523 0.056016623973846436
0 0.2183818742632866 0.42775125429034233 0.06346608698368073 0.09892722219228745
0 0.5763414856046438 0.4982944205403328 0.03608126565814018 0.13135482370853424
0 0.5546251051127911 0.42009203508496284 0.03960409015417099 0.0992421880364418
0 0.09011219441890717 0.399607352912426 0.04913991689682007 0.08890609443187714
0 0.306082796305418 0.48034029081463814 0.03793754428625107 0.09921739250421524
0 0.2877507098019123 0.40977366268634796 0.03311429172754288 0.06309941411018372
0 0.6261942265555263 0.3655412383377552 0.024147843942046165 0.06113145500421524
0 0.6408144235610962 0.39422559551894665 0.02301192283630371 0.04800885543227196
0 0.26674932846799493 0.3689185716211796 0.015017581172287464 0.03986687213182449
0 0.23771599493920803 0.3977423682808876 0.03154308721423149 0.043670907616615295
0 0.22252781130373478 0.374055789783597 0.0158417709171772 0.03700307384133339
