0 0.3222985342144966 0.7125906497240067 0.07783086597919464 0.30002453923225403
0 0.5641445890069008 0.7612869143486023 0.07508344948291779 0.47351789474487305
0 0.41388691030442715 0.5196734666824341 0.0495646707713604 0.15610945224761963
0 0.8572895284742117 0.3741002529859543 0.03184957429766655 0.10125651955604553
0 0.3425813429057598 0.4602199047803879 0.047327302396297455 0.12253358960151672
0 0.6095744725316763 0.6253498271107674 0.03830976411700249 0.21628333628177643
0 0.20671634376049042 0.3523234352469444 0.0274200439453125 0.09278653562068939
0 0.7733683586120605 0.41095929592847824 0.04257607460021973 0.19100235402584076
0 0.27588937245309353 0.3625406473875046 0.030577968806028366 0.08392098546028137
0 0.9327843897044659 0.35035809874534607 0.03801145404577255 0.07760775089263916
0 0.3188535925000906 0.4143056347966194 0.029599260538816452 0.11726845800876617
0 0.3382320823147893 0.32902196049690247 0.01880826987326145 0.075897216796875
0 0.9024452082812786 0.35586804151535034 0.03514232486486435 0.057951927185058594
0 0.36740835290402174 0.33437112905085087 0.024736380204558372 0.05491860583424568
0 0.17268793284893036 0.32812277786433697 0.0229148268699646 0.04736753925681114
0 0.1438653888180852 0.321532491594553 0.02872535027563572 0.06352335959672928
0 0.35936064133420587 0.2974551869556308 0.012539100833237171 0.023382356390357018
0 0.7602800009772182 0.3358573354780674 0.015445565804839134 0.040281422436237335
