0 0.9086564779281616 0.7509939819574356 0.09165477752685547 0.2234814465045929
0 0.566880501806736 0.6317088901996613 0.0679752379655838 0.15270894765853882
0 0.7455878481268883 0.7825806438922882 0.122270867228508 0.24729770421981812
0 0.028740907087922096 0.49182818457484245 0.05748181417584419 0.11557074636220932
0 0.6414356473833323 0.5535146147012711 0.04817848280072212 0.12636205554008484
0 0.9780292268842459 0.7232420146465302 0.043894004076719284 0.13515371084213257
0 0.41171678341925144 0.4494031108915806 0.04784386232495308 0.10512114316225052
0 0.27914299443364143 0.43147774413228035 0.03488752990961075 0.06480661779642105
0 0.3440203070640564 0.4460330866277218 0.0380476713180542 0.08582454174757004
0 0.48356999084353447 0.49480748921632767 0.06422271579504013 0.15057046711444855
0 0.2252967031672597 0.4389175735414028 0.030675197020173073 0.08115624636411667
0 0.3743168469518423 0.4316074699163437 0.03605837747454643 0.07712003588676453
0 0.5700669530779123 0.46055741608142853 0.045139361172914505 0.08932575583457947
0 0.5734076257795095 0.4201580807566643 0.05041952058672905 0.09851299226284027
