0 0.8466893211007118 0.72337257117033 0.1010260134935379 0.22350214421749115
0 0.47985153645277023 0.6217274814844131 0.06355838477611542 0.1681669056415558
0 0.6141953226178885 0.5409595631062984 0.0426296703517437 0.12386148422956467
0 0.6257359609007835 0.7514572516083717 0.1044195145368576 0.2441539317369461
0 0.3076748959720135 0.42979105561971664 0.035263679921627045 0.09405975043773651
0 0.18113946914672852 0.42469044029712677 0.04888516664505005 0.09257486462593079
0 0.42688046768307686 0.4847624935209751 0.049672938883304596 0.08958960324525833
0 0.3619980327785015 0.44490476697683334 0.06659581512212753 0.13110296428203583
0 0.5595019944012165 0.4405718483030796 0.03710947185754776 0.08283496648073196
0 0.2335246242582798 0.41903048381209373 0.04190180450677872 0.08038418740034103
0 0.9890052201226354 0.697412857785821 0.021988773718476295 0.06060757115483284
0 0.44023844599723816 0.4366801716387272 0.032234907150268555 0.07332301884889603
0 0.6105459211394191 0.41374583914875984 0.029882287606596947 0.07769546657800674
0 0.5746428370475769 0.4167424961924553 0.03941202163696289 0.07584457099437714
0 0.5867037177085876 0.40340819396078587 0.022836923599243164 0.05285148695111275
