0 0.3978145606815815 0.6349438577890396 0.04572103172540665 0.20040491223335266
0 0.6624492891132832 0.8204223811626434 0.07860670238733292 0.33289259672164917
0 0.27400106750428677 0.5784355103969574 0.04389626905322075 0.17824965715408325
0 0.7344556227326393 0.798584595322609 0.07816286385059357 0.2514646351337433
0 0.5106029435992241 0.8863983154296875 0.07142667472362518 0.227203369140625
0 0.1396319316700101 0.42156411334872246 0.031149471178650856 0.0848294124007225
0 0.6667288430035114 0.37465648725628853 0.03246960788965225 0.08481977134943008
0 0.7250279076397419 0.3584408536553383 0.03718576580286026 0.08588685095310211
0 0.6007563592866063 0.38286538422107697 0.025344276800751686 0.09192356467247009
0 0.23255643248558044 0.4800082892179489 0.0341336727142334 0.14938494563102722
0 0.6127859242260456 0.4687034785747528 0.03851781040430069 0.08754861354827881
0 0.10346119292080402 0.3689489997923374 0.035601068288087845 0.07643777877092361
0 0.265075147151947 0.37251952290534973 0.029085874557495117 0.060224831104278564
0 0.06479105167090893 0.37447428330779076 0.028350036591291428 0.07162903994321823
0 0.2475350620225072 0.40124447271227837 0.030895614996552467 0.04297294467687607
0 0.12324920017272234 0.3724186457693577 0.01608731783926487 0.03448051959276199
0 0.2263588961213827 0.4110776763409376 0.03242618963122368 0.06147664412856102
0 0.24971454124897718 0.3351082615554333 0.014516210183501244 0.035535238683223724
0 0.21811218839138746 0.3771563991904259 0.023694371804594994 0.053649649024009705
