0 0.5414826385676861 0.7369174063205719 0.06940331310033798 0.24235254526138306
0 0.7896392233669758 0.7037726864218712 0.0952216163277626 0.20664219558238983
0 0.6013290528208017 0.5299362316727638 0.04324154928326607 0.1292176991701126
0 0.42764101177453995 0.604883499443531 0.06829662621021271 0.17933620512485504
0 0.15065352991223335 0.41922666132450104 0.05262599140405655 0.09013858437538147
0 0.9813697338104248 0.7325365953147411 0.03726053237915039 0.10481461137533188
0 0.38765597343444824 0.48125923052430153 0.04760313034057617 0.0936480239033699
0 0.2015601247549057 0.4058825895190239 0.04326927661895752 0.0762653797864914
0 0.41979750990867615 0.43460046872496605 0.040712952613830566 0.06954663246870041
0 0.28739432618021965 0.409422192722559 0.045279525220394135 0.07523519545793533
0 0.6206738948822021 0.39974649995565414 0.030808210372924805 0.06420491635799408
0 0.5533660892397165 0.4302358739078045 0.037229109555482864 0.08534880727529526
0 0.5792004354298115 0.3986324928700924 0.03329525142908096 0.05122964829206467
0 0.33121274784207344 0.4672359824180603 0.05351302772760391 0.077353835105896
0 0.33111647330224514 0.4069591723382473 0.04049546644091606 0.07040774077177048
0 0.5919938925653696 0.37619381956756115 0.0275452621281147 0.054186757653951645
0 0.2945666126906872 0.42909833416342735 0.03170027583837509 0.0570560023188591
0 0.5973657248541713 0.3938977625221014 0.024247026070952415 0.0418304018676281
0 0.555617356672883 0.45280221104621887 0.03224234655499458 0.061207115650177
0 0.3158560637384653 0.38913874328136444 0.016114521771669388 0.03589138388633728
0 0.4034102261066437 0.5432064104825258 0.019889473915100098 0.05537024512887001
0 0.3361824154853821 0.42146219313144684 0.03869986534118652 0.05276027321815491
