0 0.8090593107044697 0.7776939049363136 0.12134633213281631 0.24532444775104523
0 0.6190827116370201 0.6444013565778732 0.0704992264509201 0.14918670058250427
0 0.9223579168319702 0.7659255415201187 0.09608793258666992 0.21467331051826477
0 0.09299609810113907 0.5032643005251884 0.05193471908569336 0.12088118493556976
0 0.49750955030322075 0.5038591101765633 0.06600966304540634 0.16245825588703156
0 0.6531014684587717 0.5757786259055138 0.0471070297062397 0.13565771281719208
0 0.24734347686171532 0.44281022623181343 0.035315774381160736 0.08745727688074112
0 0.9689679145812988 0.7014326378703117 0.062064170837402344 0.12359021604061127
0 0.012538924813270569 0.6370451897382736 0.025077849626541138 0.09300181269645691
0 0.30641577765345573 0.4364122040569782 0.039624713361263275 0.0653587356209755
0 0.3585914671421051 0.4558092877268791 0.033409714698791504 0.08148770034313202
0 0.03618148993700743 0.48851006105542183 0.04335942491889 0.0904308333992958
0 0.42856926284730434 0.4543156772851944 0.04433126375079155 0.09786847233772278
0 0.3921806998550892 0.45282118394970894 0.04245135933160782 0.09496841579675674
0 0.5647969488054514 0.47250694409012794 0.03244762495160103 0.04915411025285721
0 0.5599106792360544 0.42947964556515217 0.03387336805462837 0.058267805725336075
0 0.5383470533415675 0.44251895882189274 0.024691438302397728 0.061379749327898026
0 0.5378851415589452 0.4242731146514416 0.02953782118856907 0.07161911576986313
