0 0.43084571324288845 0.6865293383598328 0.05171246454119682 0.1898658275604248
0 0.6878078952431679 0.6949478462338448 0.11216063797473907 0.20182813704013824
0 0.09827057644724846 0.4008100852370262 0.042785875499248505 0.08537940680980682
0 0.567978847771883 0.46928538382053375 0.06360278278589249 0.18052169680595398
0 0.15477715991437435 0.39681021496653557 0.04868854209780693 0.06910201162099838
0 0.33721645921468735 0.5247354730963707 0.07298783957958221 0.19988547265529633
0 0.36817730590701103 0.43391213938593864 0.04842653125524521 0.07510765641927719
0 0.2441188022494316 0.4241647385060787 0.06283144652843475 0.11108105629682541
0 0.9579102285206318 0.8166517093777657 0.08417949825525284 0.19255973398685455
0 0.9490314349532127 0.8883891478180885 0.10193710029125214 0.22190017998218536
0 0.290194982662797 0.38487356901168823 0.04550366476178169 0.06895196437835693
0 0.5909424545243382 0.3872392550110817 0.03121938742697239 0.06689639389514923
0 0.6358325835317373 0.4029720388352871 0.026094865053892136 0.05539851635694504
0 0.6193274976685643 0.38017118349671364 0.023113155737519264 0.05072958022356033
0 0.6170279029756784 0.36456452682614326 0.028039265424013138 0.05993042141199112
