0 0.5791162010282278 0.7208102494478226 0.052065324038267136 0.2901367247104645
0 0.3694419376552105 0.5728395581245422 0.046887896955013275 0.17536693811416626
0 0.642630647867918 0.6721215397119522 0.04225315898656845 0.19997957348823547
0 0.2965481821447611 0.5245768874883652 0.045494962483644485 0.1702764332294464
0 0.3565230444073677 0.8024363964796066 0.07278664410114288 0.27800557017326355
0 0.7124947793781757 0.9154973030090332 0.05661449581384659 0.16772079467773438
0 0.7698099967092276 0.36078596115112305 0.02852148935198784 0.081551194190979
0 0.10285993106663227 0.3441566526889801 0.0367274172604084 0.07238167524337769
0 0.6952008958905935 0.4073096886277199 0.02982158586382866 0.1691770702600479
0 0.17177793011069298 0.3771052435040474 0.03589864820241928 0.09401287138462067
0 0.31653801165521145 0.3371633067727089 0.027093838900327682 0.08984847366809845
0 0.2658262010663748 0.4488176964223385 0.030467819422483444 0.1087070032954216
0 0.2812729422003031 0.3509596586227417 0.018309760838747025 0.07020854949951172
0 0.8400262352079153 0.3540688157081604 0.025365542620420456 0.04795867204666138
0 0.13569574803113937 0.3386856373399496 0.028720319271087646 0.05667133256793022
0 0.24665923044085503 0.39501697570085526 0.03921213001012802 0.09937281906604767
0 0.8199846148490906 0.36931126564741135 0.024008750915527344 0.06017564237117767
0 0.8178676841780543 0.3280192855745554 0.025864696130156517 0.040909577161073685
0 0.8169087413698435 0.3538442365825176 0.026578713208436966 0.06280621141195297
0 0.26283426582813263 0.38399408385157585 0.02877640724182129 0.060251615941524506
